     0/499    0.824G   0.05342   0.04603      0.13    0.2295         2       416    0.8963    0.1666     0.188   0.07899   0.05952   0.02231     1.927
     1/499     1.46G   0.05519    0.0462    0.2007    0.3021         2       416     0.856   0.09638    0.1006   0.04913   0.05994   0.02494     2.015
     2/499     1.46G   0.05919   0.04908    0.3279    0.4362         4       416    0.2573   0.02388   0.01745  0.005321   0.06743   0.03073     2.255
     3/499     1.46G   0.06547   0.05347    0.6269    0.7458         3       416    0.5818   0.06161   0.04482  0.009829   0.07011   0.03095     1.613
     4/499     1.46G   0.06579   0.05346    0.6713    0.7905         4       416         0         0         0         0   0.06795   0.02801     2.175
     5/499     1.46G   0.06427   0.05342    0.5961    0.7137         4       416         0         0         0         0    0.0697   0.03082     3.334
     6/499     1.46G   0.06363   0.05323    0.5978    0.7147         3       416      0.75  0.005858   0.00375  0.002625   0.06994   0.02883     1.425
     7/499     1.46G   0.06392   0.05225    0.5895    0.7057         1       416    0.4342    0.0371   0.04645   0.02113    0.0651   0.02693    0.9658
     8/499     1.46G   0.06417   0.05249    0.5994    0.7161         1       416    0.4212   0.03007   0.03571   0.01243   0.06617   0.02695    0.8099
     9/499     1.46G   0.06349   0.05291    0.5614    0.6778         3       416         1  0.008304      0.01  0.003167   0.06641   0.02761    0.9982
    10/499     1.46G   0.06343   0.05218    0.5501    0.6657         3       416    0.8333   0.01676    0.0225  0.004458    0.0658   0.02588     1.458
    11/499     1.46G   0.06304   0.05254    0.5515    0.6671         3       416    0.7293    0.0358   0.04439   0.01207    0.0638   0.02835     1.405
    12/499     1.46G   0.06295   0.05169    0.5392    0.6539         3       416    0.4291     0.051   0.05555   0.01927   0.06526   0.02694     1.368
    13/499     1.46G   0.06256   0.05179    0.4946    0.6089         4       416    0.8927   0.02368   0.02619    0.0084   0.06338   0.02652     0.738
    14/499     1.46G    0.0632   0.05208    0.4962    0.6114         3       416    0.2741  0.005618  0.005833  0.001083   0.06401   0.02662     1.597
    15/499     1.46G   0.06216    0.0514    0.4959    0.6095         1       416    0.7715   0.01751      0.02   0.01038   0.06393   0.02672     1.196
    16/499     1.46G   0.06232    0.0522    0.5127    0.6272         2       416    0.6667   0.01733      0.02  0.008458     0.064   0.02699     1.341
    17/499     1.46G   0.06244   0.05125    0.5053     0.619         3       416    0.7396   0.03724   0.04267   0.01851    0.0632   0.02712     1.399
    18/499     1.46G   0.06206   0.05146    0.4814    0.5949         1       416       0.5   0.01522   0.02375  0.009343   0.06416   0.02638     1.211
    19/499     1.46G   0.06187    0.0522    0.5166    0.6307         2       416    0.4286   0.01685   0.01679  0.006544   0.06216   0.02779     1.506
    20/499     1.46G   0.06255   0.05181    0.5137    0.6281         2       416    0.8016   0.03684   0.03677   0.01422   0.06334    0.0263      1.04
    21/499     1.46G   0.06212   0.05174    0.4714    0.5852         1       416    0.8844   0.03131     0.039   0.01288   0.06322   0.02761      1.73
    22/499     1.46G   0.06232   0.05149    0.4464    0.5603         4       416    0.9705   0.09547    0.1009   0.04193   0.06122   0.02717     1.264
    23/499     1.46G   0.06196   0.05136    0.4555    0.5688         4       416         1   0.01715   0.02163   0.01128   0.06411   0.02602     1.635
    24/499     1.46G   0.06211   0.05177    0.4585    0.5724         3       416    0.4552   0.07303   0.08296   0.03347   0.06287   0.02611     1.303
    25/499     1.46G   0.06092   0.05157    0.4634    0.5759         2       416       0.5   0.01397   0.01679  0.005964   0.06369   0.02607     2.422
    26/499     1.46G   0.06183   0.05174    0.4954     0.609         4       416    0.9013   0.01842   0.02429  0.009732   0.06336    0.0266     1.159
    27/499     1.46G   0.06168   0.05204    0.5057    0.6194         2       416    0.8904   0.01321   0.01333  0.005771   0.06336   0.02653    0.8462
    28/499     1.46G   0.06147   0.05176    0.4697    0.5829         1       416    0.9564   0.01415   0.02944   0.01121   0.06188    0.0258     1.301
    29/499     1.46G   0.06173   0.05124    0.4689    0.5819         2       416    0.4622   0.03438     0.035     0.014   0.06154   0.02609     1.269
    30/499     1.46G   0.06107   0.05129    0.4628    0.5751         1       416    0.9793   0.02271     0.024   0.01107   0.06359   0.02666     1.753
    31/499     1.46G   0.06157   0.05141    0.4659    0.5789         2       416    0.7904    0.1283    0.1432   0.06529   0.06228   0.02617     1.498
    32/499     1.46G   0.06058   0.05134    0.4828    0.5947         1       416    0.9501   0.03131   0.04286   0.01814   0.06128   0.02664      1.62
    33/499     1.46G   0.06132   0.05131    0.4368    0.5495         1       416    0.9767   0.06469   0.06968   0.02476   0.06154   0.02602     1.783
    34/499     1.46G    0.0612   0.05147    0.4418    0.5545         2       416    0.8771   0.03395   0.03226   0.01401   0.06048   0.02584     1.376
    35/499     1.46G   0.06199    0.0507     0.436    0.5487         2       416     0.915   0.03051   0.03246   0.01345   0.06017   0.02596     1.351
    36/499     1.46G   0.06125   0.05158    0.4405    0.5534         2       416    0.9203   0.06233   0.07572   0.03339   0.06037   0.02606     1.435
    37/499     1.46G   0.06182   0.05099    0.4504    0.5632         2       416    0.7639   0.03422   0.04433   0.01511   0.06069   0.02565     1.862
    38/499     1.46G    0.0613    0.0512    0.4127    0.5252         3       416         1   0.05327     0.065   0.03253   0.05973   0.02639    0.9976
    39/499     1.46G   0.06074   0.05111    0.4342    0.5461         3       416    0.9517   0.02939   0.03375   0.01462   0.06091   0.02499    0.9871
    40/499     1.46G    0.0608   0.05156    0.4856     0.598         2       416    0.9771   0.06159   0.07288   0.02969   0.06237   0.02531     1.118
    41/499     1.46G   0.06103   0.05193    0.5188    0.6317         2       416    0.6951   0.03652   0.04071   0.02127   0.06135   0.02599     1.467
    42/499     1.46G   0.06098   0.05113    0.4466    0.5587         4       416         1   0.03201   0.04944   0.02581   0.06022   0.02505     1.322
    43/499     1.46G   0.06111   0.05098    0.4215    0.5336         4       416    0.9595   0.03929   0.04467   0.02179   0.05944   0.02522     1.176
    44/499     1.46G   0.06143   0.05055    0.4541     0.566         2       416    0.9165    0.0357   0.05889     0.026    0.0593   0.02538     1.486
    45/499     1.46G   0.06082    0.0514    0.4532    0.5654         4       416         1   0.03921     0.055   0.02836   0.05985   0.02577     1.028
    46/499     1.46G   0.06088   0.05095    0.4722     0.584         4       416       0.5   0.02298   0.03333    0.0166    0.0611   0.02531      1.34
    47/499     1.46G   0.06072    0.0511    0.4452    0.5571         2       416    0.7532   0.03523   0.05117    0.0261   0.06117   0.02531     1.171
    48/499     1.46G   0.06102   0.05119    0.4252    0.5374         1       416     0.958   0.04151   0.04821   0.02156   0.06092    0.0251     1.088
    49/499     1.46G   0.06049   0.05205     0.436    0.5486         2       416    0.8552   0.03603    0.0532   0.02561    0.0608   0.02542     1.134
    50/499     1.46G    0.0614   0.05088    0.4255    0.5377         3       416      0.75   0.02065     0.025   0.01143   0.06029   0.02473      1.41
    51/499     1.46G   0.06125   0.05083     0.419     0.531         3       416         1   0.04565     0.055   0.02651   0.06075   0.02512     1.514
    52/499     1.46G    0.0602   0.05111    0.4131    0.5244         4       416    0.9621   0.03735   0.05182    0.0247   0.06006   0.02485     1.632
    53/499     1.46G   0.06066    0.0509    0.4003    0.5119         2       416    0.4467   0.02809   0.03892   0.02128   0.06004   0.02484     1.827
    54/499     1.46G   0.06132   0.05151    0.4792     0.592         4       416    0.9645   0.03986     0.054   0.03115   0.06099   0.02527     1.466
    55/499     1.46G   0.06087   0.05144    0.4618    0.5741         2       416    0.9374   0.02267    0.0325   0.01174   0.06061   0.02505     1.615
    56/499     1.46G     0.061   0.05108    0.4501    0.5622         2       416    0.4443   0.02241   0.03984   0.01762    0.0602    0.0253      1.67
    57/499     1.46G   0.06095   0.05134    0.4395    0.5518         1       416     0.464   0.03622   0.04667   0.02369   0.05988   0.02512     1.403
    58/499     1.46G   0.06034   0.05141    0.4209    0.5326         4       416       0.5   0.03477   0.05679   0.02967   0.06044   0.02512     1.227
    59/499     1.46G   0.06113   0.05125    0.4275    0.5399         2       416    0.4703   0.04446   0.06173   0.03061   0.05973   0.02489     1.383
    60/499     1.46G   0.06056   0.05142    0.4113    0.5232         2       416    0.7178    0.0588   0.07423   0.03619    0.0601   0.02462      1.46
    61/499     1.46G    0.0603   0.05108    0.4181    0.5294         1       416    0.4758   0.05532    0.0655   0.03074   0.05988   0.02469      1.27
    62/499     1.46G   0.06104   0.05132     0.414    0.5264         1       416         1   0.05359   0.07756   0.03542   0.05919   0.02448     1.051
    63/499     1.46G    0.0607   0.05153    0.4323    0.5446         1       416       0.5    0.0449   0.05325   0.02906   0.05976   0.02427     1.021
    64/499     1.46G    0.0612   0.05084    0.4158    0.5279         3       416    0.5277   0.04479   0.05716   0.02926   0.05945    0.0245      1.16
    65/499     1.46G   0.06041   0.05065    0.4089    0.5199         2       416    0.8405   0.06007   0.07375   0.03663   0.05969   0.02481     1.123
    66/499     1.46G   0.06063   0.05063    0.4243    0.5356         1       416    0.9784   0.07399   0.08462   0.03864   0.05987   0.02448     1.089
    67/499     1.46G   0.06041   0.05049    0.3948    0.5057         4       416         1   0.09557    0.1195   0.05712   0.05979   0.02418     1.256
    68/499     1.46G   0.06071   0.05108    0.4043     0.516         2       416    0.8494   0.09018   0.09438   0.04943   0.05945   0.02418      1.17
    69/499     1.46G    0.0601   0.05088    0.3842    0.4952         4       416    0.9829   0.08953    0.1039   0.04858   0.05997   0.02422     1.095
    70/499     1.46G   0.06036   0.05101    0.4003    0.5117         4       416    0.8684    0.0862    0.1022   0.04639   0.05999   0.02418     1.175
    71/499     1.46G   0.06023   0.05119    0.3893    0.5007         2       416         1   0.06961   0.08333   0.04014   0.06018   0.02414     1.342
    72/499     1.46G   0.06002   0.05084    0.4291      0.54         1       416    0.8758   0.07372     0.085   0.04155   0.06028   0.02417     1.295
    73/499     1.46G   0.06064   0.05146    0.4516    0.5637         2       416    0.7644   0.08182    0.1081   0.05764   0.06067   0.02422     1.171
    74/499     1.46G   0.06055   0.05052    0.4109     0.522         3       416    0.8629   0.08717    0.1045   0.05355   0.06037    0.0243     1.276
    75/499     1.46G   0.06014    0.0508    0.4125    0.5235         2       416    0.4831   0.08047     0.101   0.04928   0.06033   0.02425     1.337
    76/499     1.46G   0.06014   0.05126    0.4062    0.5176         2       416    0.9804   0.07189   0.09338   0.04939   0.05998   0.02411     1.277
    77/499     1.46G   0.06033   0.05066    0.4074    0.5184         5       416    0.7308   0.07345   0.09294   0.05091   0.05996   0.02422      1.28
    78/499     1.46G   0.05938   0.05015    0.3953    0.5048         1       416    0.7318   0.07732    0.1013   0.05196   0.06026   0.02415     1.347
    79/499     1.46G   0.05969   0.05099    0.3755    0.4862         5       416    0.7016   0.07557   0.09568    0.0504   0.06039   0.02407     1.458
    80/499     1.46G    0.0596   0.05104    0.3985    0.5091         3       416    0.5861   0.08227   0.09435   0.05101    0.0604   0.02402      1.48
    81/499     1.46G    0.0604   0.05112    0.4168    0.5283         3       416    0.6013   0.07933   0.08108    0.0465    0.0609   0.02389     1.345
    82/499     1.46G   0.06108   0.05133    0.4319    0.5443         3       416    0.4656     0.076   0.08853    0.0494   0.06194   0.02389     1.214
    83/499     1.46G   0.06071   0.05121    0.4158    0.5278         3       416    0.4623   0.06885   0.08798   0.04864   0.06181   0.02398     1.248
    84/499     1.46G   0.06055   0.05144    0.3986    0.5106         2       416    0.4592   0.06327   0.08026   0.04568    0.0618   0.02385     1.233
    85/499     1.46G    0.0601   0.05084    0.4031     0.514         4       416    0.5846   0.06693   0.08056   0.04351   0.06143   0.02369     1.215
    86/499     1.46G   0.06054   0.05121    0.4062     0.518         4       416    0.5879   0.07313   0.09485   0.05034   0.06104   0.02375     1.235
    87/499     1.46G   0.06015   0.05041    0.4058    0.5163         4       416    0.8422   0.08991    0.1052   0.05514   0.06044   0.02375      1.24
    88/499     1.46G   0.06012   0.05057    0.4065    0.5172         3       416    0.8521   0.09048    0.1008    0.0533   0.06033   0.02367     1.245
    89/499     1.46G   0.06024   0.05058    0.3988    0.5097         1       416    0.8556    0.0848    0.1031   0.05372   0.06022    0.0236     1.298
    90/499     1.46G    0.0604    0.0508    0.4171    0.5283         1       416    0.8524   0.08063    0.1095   0.05552   0.06027   0.02355     1.313
    91/499     1.46G   0.06034   0.05081    0.3788    0.4899         2       416    0.8088   0.08207    0.1099   0.05569   0.06039   0.02353     1.349
    92/499     1.46G   0.06018   0.05111    0.4144    0.5257         3       416       0.8   0.08275      0.11   0.05542   0.06069   0.02352     1.381
    93/499     1.46G   0.05985   0.05026    0.4032    0.5133         4       416    0.8219   0.08467    0.1109   0.05665   0.06099   0.02354     1.386
    94/499     1.46G   0.06089   0.05086    0.4077    0.5194         3       416    0.8175   0.08997    0.1242   0.06185   0.06112   0.02351     1.361
    95/499     1.46G   0.06025   0.05081     0.421     0.532         2       416    0.8175   0.09586    0.1198   0.06067   0.06135   0.02345     1.341
    96/499     1.47G   0.06011   0.05085    0.3963    0.5073         3       416    0.8204   0.09634    0.1304   0.06342   0.06138   0.02341     1.311
    97/499     1.47G   0.06044   0.05119    0.4334     0.545         2       416    0.8294    0.1088    0.1308   0.06265   0.06141   0.02339     1.292
    98/499     1.47G   0.06003   0.05071    0.3867    0.4975         4       416      0.84    0.1072    0.1346   0.06305   0.06146   0.02336     1.273
    99/499     1.47G    0.0606   0.05061     0.385    0.4962         1       416    0.8298    0.1048     0.131   0.06237   0.06158   0.02333     1.259
   100/499     1.47G    0.0596   0.05087     0.429    0.5395         4       416     0.833    0.1036    0.1263   0.05996   0.06151   0.02333     1.272
   101/499     1.47G   0.05993   0.05083    0.4002     0.511         2       416    0.8023    0.1114    0.1304   0.06209   0.06133   0.02335     1.273
   102/499     1.47G    0.0597   0.05078    0.4202    0.5307         2       416    0.8121     0.114    0.1403   0.06677   0.06127   0.02333     1.282
   103/499     1.47G   0.05987   0.05074    0.3939    0.5045         1       416    0.8713    0.1148    0.1364   0.06579   0.06123   0.02333     1.289
   104/499     1.47G   0.05952   0.05064    0.3928    0.5029         4       416    0.8297    0.1191    0.1399   0.06673   0.06113   0.02329     1.284
   105/499     1.47G   0.05968   0.05092    0.3982    0.5088         3       416    0.8488     0.124    0.1495   0.07204   0.06109   0.02327      1.28
   106/499     1.47G   0.05945   0.05178     0.405    0.5162         3       416    0.8643    0.1268    0.1521   0.07265   0.06104   0.02325     1.278
   107/499     1.47G   0.05957   0.05178    0.3759    0.4873         2       416    0.8578    0.1254    0.1566   0.07389   0.06097   0.02322     1.281
   108/499     1.47G   0.05957   0.05063    0.3889    0.4991         0       416    0.8955    0.1249    0.1566   0.07364   0.06084   0.02321      1.28
   109/499     1.47G   0.05999   0.05091    0.3881     0.499         5       416    0.9161    0.1232    0.1479   0.06806   0.06071    0.0232      1.28
   110/499     1.47G   0.05978   0.05043    0.3971    0.5073         1       416     0.916    0.1227    0.1525   0.07174   0.06063   0.02318     1.282
   111/499     1.47G   0.05969   0.05083    0.3861    0.4967         1       416    0.9134    0.1217    0.1486   0.07059   0.06056   0.02316     1.281
   112/499     1.47G   0.05909   0.05154     0.423    0.5337         1       416    0.9134    0.1239    0.1484   0.07047    0.0605   0.02314     1.274
   113/499     1.47G   0.05971   0.05095    0.4093      0.52         2       416    0.9208    0.1246    0.1484   0.06887   0.06045   0.02313     1.262
   114/499     1.47G   0.05955   0.05026    0.3767    0.4865         2       416    0.9211    0.1293    0.1491   0.06944   0.06041   0.02311     1.265
   115/499     1.47G     0.059   0.05135    0.3932    0.5036         2       416     0.919    0.1293     0.149   0.07044   0.06038    0.0231     1.256
   116/499     1.47G   0.05989    0.0508    0.3955    0.5062         4       416    0.9179    0.1288    0.1448   0.06988   0.06038   0.02307     1.246
   117/499     1.47G   0.05968   0.05062    0.3834    0.4937         4       416     0.917    0.1242     0.144   0.06941   0.06036   0.02306     1.238
   118/499     1.47G   0.05875   0.05036    0.3851    0.4942         4       416     0.912    0.1233    0.1432   0.06958   0.06039   0.02307     1.235
   119/499     1.47G   0.05936   0.05105    0.3913    0.5017         4       416     0.896    0.1212    0.1432   0.06802   0.06039   0.02305     1.228
   120/499     1.47G   0.05938   0.05086    0.3816    0.4919         1       416    0.8844    0.1204    0.1429   0.06873   0.06033   0.02304     1.218
   121/499     1.47G   0.05954     0.051    0.4107    0.5213         5       416    0.8709    0.1181     0.138   0.06703   0.06028   0.02302     1.214
   122/499     1.47G   0.05927   0.05113    0.3916     0.502         1       416    0.8755    0.1171    0.1427   0.06722   0.06026   0.02301     1.206
   123/499     1.47G   0.05921   0.05106    0.3923    0.5025         1       416    0.8818    0.1183    0.1428   0.06735   0.06028   0.02299       1.2
   124/499     1.47G   0.05914   0.05071    0.3934    0.5033         3       416    0.8798    0.1183    0.1431   0.06685   0.06029   0.02298     1.194
   125/499     1.47G   0.05923    0.0504    0.3732    0.4828         1       416    0.8756    0.1184    0.1388   0.06885   0.06029   0.02297     1.197
   126/499     1.47G   0.05985   0.05074    0.3778    0.4884         3       416    0.9038    0.1228    0.1388   0.06845   0.06031   0.02297     1.196
   127/499     1.47G   0.05964   0.05111    0.3928    0.5036         3       416     0.924    0.1235    0.1339   0.06571   0.06029   0.02298      1.19
   128/499     1.47G   0.05918   0.05094    0.3929     0.503         3       416    0.9565    0.1235    0.1387    0.0674   0.06032   0.02298     1.194
   129/499     1.47G   0.05917   0.05086    0.3945    0.5045         2       416    0.9672     0.121     0.141   0.07047   0.06034   0.02299     1.203
   130/499     1.47G   0.05875   0.05117    0.3958    0.5058         7       416    0.9879     0.122    0.1415   0.07026   0.06034   0.02298     1.202
   131/499     1.47G   0.05941   0.05107    0.4015     0.512         7       416    0.9873    0.1172    0.1367   0.06846   0.06035   0.02298     1.203
   132/499     1.47G   0.05922   0.05053    0.3713     0.481         2       416    0.9874    0.1175    0.1324   0.06634   0.06035   0.02298     1.209
   133/499     1.47G   0.05841   0.05067    0.3716    0.4807         2       416    0.9876    0.1196    0.1325   0.06835   0.06034   0.02297     1.213
   134/499     1.47G    0.0588    0.0502     0.375     0.484         2       416    0.9718    0.1169    0.1324   0.06634   0.06034   0.02296     1.215
   135/499     1.47G   0.05933    0.0506    0.3898    0.4997         1       416    0.9627     0.114    0.1276   0.06541   0.06034   0.02295      1.22
   136/499     1.47G   0.05881   0.05077    0.3721    0.4817         3       416    0.9603    0.1121    0.1315   0.06553   0.06032   0.02295     1.219
   137/499     1.47G   0.05903   0.05103    0.3742    0.4842         3       416    0.9559    0.1131    0.1313   0.06572   0.06031   0.02295     1.223
   138/499     1.47G   0.05989   0.05028    0.3631    0.4732         1       416    0.9536    0.1131    0.1273   0.06542   0.06027   0.02294     1.233
   139/499     1.47G   0.05963   0.05111    0.4063     0.517         1       416    0.9561    0.1138    0.1321    0.0679   0.06027   0.02295     1.239
   140/499     1.47G    0.0593   0.05063    0.3836    0.4935         1       416    0.9598    0.1142    0.1321   0.06774   0.06028   0.02295     1.243
   141/499     1.47G    0.0593   0.05046    0.3602      0.47         1       416     0.955    0.1143    0.1319   0.06863   0.06027   0.02295      1.25
   142/499     1.47G   0.05864   0.05137    0.3839    0.4939         1       416    0.9521    0.1145    0.1319   0.06945   0.06026   0.02296     1.255
   143/499     1.47G   0.05863   0.05029    0.3674    0.4763         4       416     0.954    0.1162    0.1317    0.0693   0.06021   0.02296     1.257
   144/499     1.47G   0.05872   0.05088    0.3624     0.472         2       416    0.9493    0.1151    0.1396   0.07327   0.06018   0.02296     1.256
   145/499     1.47G   0.05813   0.05049    0.3716    0.4802         2       416    0.9511    0.1154    0.1398   0.07246   0.06017   0.02295     1.256
   146/499     1.47G    0.0584   0.05065    0.4002    0.5092         1       416    0.9489    0.1154    0.1401   0.07221   0.06015   0.02295     1.257
   147/499     1.47G   0.05854   0.05095    0.3755     0.485         5       416    0.9479    0.1149    0.1401   0.07223   0.06013   0.02295     1.255
   148/499     1.47G   0.05893   0.05114    0.4272    0.5373         4       416    0.9606     0.117    0.1444   0.07295   0.06013   0.02294     1.252
   149/499     1.47G   0.05891   0.05121    0.3726    0.4827         4       416    0.9598    0.1168    0.1444   0.07317   0.06012   0.02294     1.253
   150/499     1.47G    0.0584    0.0508    0.3485    0.4577         3       416    0.9591    0.1163    0.1427   0.07282   0.06009   0.02294     1.257
   151/499     1.47G   0.05831   0.05073    0.3832    0.4922         3       416    0.9874    0.1177    0.1427   0.07286   0.06008   0.02295     1.262
   152/499     1.47G   0.05838   0.05088    0.3733    0.4826         2       416    0.9876    0.1194    0.1345   0.06904   0.06007   0.02296     1.267
   153/499     1.47G   0.05856   0.05005    0.3699    0.4785         2       416    0.9873    0.1168    0.1344   0.06882   0.06006   0.02296     1.271
   154/499     1.47G    0.0584   0.05079    0.3802    0.4894         1       416    0.9746    0.1142    0.1323    0.0688   0.06005   0.02296     1.276
   155/499     1.47G   0.05871   0.05073    0.3962    0.5057         3       416    0.9749    0.1156    0.1323   0.06901   0.06005   0.02296     1.282
   156/499     1.47G    0.0588   0.05096    0.4181    0.5279         2       416    0.9753    0.1173    0.1321   0.06891   0.06006   0.02297     1.279
   157/499     1.47G    0.0585   0.05064    0.3732    0.4824         2       416    0.9752     0.117     0.132   0.06989   0.06003   0.02298     1.283
   158/499     1.47G   0.05891   0.05051    0.3739    0.4833         5       416    0.9755    0.1193    0.1368   0.07036      0.06   0.02299     1.281
   159/499     1.47G   0.05819   0.05051    0.3877    0.4964         1       416    0.9756    0.1189     0.132   0.06996      0.06   0.02299     1.276
   160/499     1.47G   0.05866   0.05092    0.3857    0.4953         5       416    0.9757    0.1204    0.1369   0.06932   0.05999   0.02299     1.275
   161/499     1.47G   0.05869   0.05059    0.3699    0.4791         2       416    0.9758    0.1209     0.137   0.06931   0.05998   0.02299     1.269
   162/499     1.47G   0.05813    0.0504    0.3646    0.4732         2       416    0.9757    0.1204    0.1369    0.0688   0.05999     0.023     1.268
   163/499     1.47G   0.05848   0.05075    0.3848     0.494         2       416    0.9758    0.1211    0.1371   0.07054      0.06     0.023     1.272
   164/499     1.47G   0.05907   0.04974    0.3432     0.452         4       416    0.9756    0.1199     0.137   0.06989      0.06     0.023     1.275
   165/499     1.47G   0.05844   0.05039    0.3551    0.4639         2       416    0.9754    0.1192    0.1369   0.06993      0.06     0.023     1.274
   166/499     1.47G   0.05831   0.05092    0.3513    0.4605         1       416    0.9754    0.1196    0.1371   0.06994   0.05999   0.02301     1.272
   167/499     1.47G   0.05802   0.05123    0.3696    0.4788         4       416    0.9753    0.1193    0.1368    0.0694   0.05998   0.02301     1.269
   168/499     1.47G   0.05856   0.05059    0.3508      0.46         2       416    0.9753     0.119    0.1368   0.07184   0.05995   0.02302     1.272
   169/499     1.47G   0.05877   0.05021    0.3347    0.4437         2       416    0.9753    0.1191    0.1368   0.07039   0.05993   0.02303      1.27
   170/499     1.47G    0.0585   0.05042    0.3501     0.459         2       416    0.9753    0.1193    0.1367   0.06993   0.05995   0.02302     1.267
   171/499     1.47G   0.05826   0.05078    0.3482    0.4573         4       416    0.9754    0.1199    0.1367   0.07056   0.05997   0.02302     1.264
   172/499     1.47G   0.05834   0.05085    0.3532    0.4624         2       416    0.9756    0.1207    0.1367   0.07035   0.05995   0.02302     1.265
   173/499     1.47G   0.05838   0.05045    0.3444    0.4532         4       416    0.9758    0.1218    0.1369   0.07039   0.05996   0.02302     1.265
   174/499     1.47G   0.05806   0.05026    0.3286    0.4369         4       416    0.8916    0.1207    0.1319   0.06921   0.05997   0.02302     1.266
   175/499     1.47G   0.05745   0.05025    0.3294    0.4371         1       416    0.8964    0.1217    0.1359   0.06973   0.05999   0.02302     1.266
   176/499     1.47G   0.05753   0.04955    0.3379     0.445         2       416    0.8956    0.1216    0.1368   0.07158   0.05999   0.02302     1.272
   177/499     1.47G   0.05794   0.05058    0.3467    0.4552         1       416    0.9761    0.1233     0.142   0.07286   0.05998   0.02302     1.275
   178/499     1.47G   0.05785   0.05079    0.3273    0.4359         4       416    0.9761    0.1232    0.1375   0.07121   0.05996   0.02303     1.279
   179/499     1.47G   0.05828   0.05015    0.3294    0.4378         1       416     0.976    0.1225    0.1375   0.07139   0.05994   0.02305     1.283
   180/499     1.47G    0.0581    0.0503    0.3662    0.4746         2       416    0.8976    0.1203    0.1325   0.07178   0.05992   0.02307      1.28
   181/499     1.47G    0.0574   0.05037    0.3239    0.4317         4       416    0.8977    0.1202    0.1376   0.07173   0.05993   0.02308     1.275
   182/499     1.47G   0.05733   0.05067    0.3582    0.4662         3       416    0.9021    0.1205    0.1378   0.07176   0.05994   0.02309     1.274
   183/499     1.47G   0.05798   0.05022    0.3495    0.4577         1       416     0.906    0.1206    0.1378   0.07262   0.05994   0.02309     1.275
   184/499     1.47G   0.05766   0.05097    0.3509    0.4595         3       416    0.9759    0.1219    0.1431    0.0729   0.05993    0.0231     1.276
   185/499     1.47G   0.05785   0.05081      0.34    0.4486         3       416    0.9759    0.1216    0.1431     0.073   0.05991   0.02309     1.276
   186/499     1.47G   0.05767   0.05022    0.3633    0.4712         4       416    0.9759    0.1213    0.1432   0.07317   0.05988    0.0231     1.278
   187/499     1.47G   0.05728    0.0501    0.3348    0.4422         3       416    0.9216      0.12    0.1471   0.07653   0.05987   0.02311     1.274
   188/499     1.47G   0.05766   0.05004    0.3324    0.4401         2       416    0.9216      0.12    0.1473   0.07622   0.05984   0.02312     1.269
   189/499     1.47G   0.05703   0.05028    0.3296    0.4369         1       416    0.9206    0.1197    0.1474   0.07687   0.05981   0.02312     1.275
   190/499     1.47G   0.05693   0.05009    0.3275    0.4345         2       416    0.9211    0.1204    0.1475   0.07727   0.05978   0.02313     1.281
   191/499     1.47G   0.05724   0.05013    0.3575    0.4649         3       416    0.9766    0.1252    0.1536    0.0788   0.05976   0.02313     1.286
   192/499     1.47G   0.05747    0.0498    0.3231    0.4304         3       416     0.977    0.1273    0.1536   0.07875   0.05976   0.02313     1.282
   193/499     1.47G   0.05749   0.05019    0.3484    0.4561         1       416    0.9767    0.1255    0.1532   0.07917   0.05971   0.02313     1.271
   194/499     1.47G   0.05739    0.0506    0.3243    0.4323         1       416    0.9774    0.1291     0.158   0.07999   0.05967   0.02314     1.265
   195/499     1.47G   0.05792   0.05074    0.3335    0.4422         2       416    0.9774    0.1292    0.1532   0.07839   0.05966   0.02314     1.259
   196/499     1.47G    0.0574   0.04986    0.3306    0.4379         4       416    0.9779    0.1324    0.1531    0.0776   0.05963   0.02314     1.252
   197/499     1.47G   0.05716   0.04998    0.3518     0.459         3       416    0.9781    0.1335    0.1529    0.0783    0.0596   0.02314     1.245
   198/499     1.47G   0.05726    0.0503    0.3606    0.4682         2       416    0.9776    0.1304    0.1529   0.07882   0.05957   0.02315     1.242
   199/499     1.47G    0.0577   0.05072    0.3412    0.4496         3       416    0.9776    0.1305    0.1531   0.07998   0.05956   0.02315     1.239
   200/499     1.47G   0.05744   0.05073    0.3318      0.44         1       416    0.9778    0.1317    0.1531   0.07975   0.05953   0.02316     1.234
   201/499     1.47G   0.05757   0.05069    0.3235    0.4318         9       416    0.9779    0.1323    0.1533   0.08009   0.05947   0.02316     1.234
   202/499     1.47G   0.05745   0.05007    0.3432    0.4507         3       416    0.9779    0.1307    0.1483   0.07971   0.05941   0.02316     1.237
   203/499     1.47G   0.05702   0.05024    0.3361    0.4433         2       416    0.9781    0.1316    0.1486   0.08026   0.05939   0.02316     1.236
   204/499     1.47G   0.05707   0.05019    0.3322    0.4395         4       416    0.9784    0.1335    0.1487   0.08201   0.05935   0.02315      1.24
   205/499     1.47G   0.05739   0.05033     0.352    0.4597         3       416    0.9785     0.134    0.1489   0.08201    0.0593   0.02315     1.242
   206/499     1.47G   0.05687   0.04975    0.3191    0.4257         3       416    0.9787    0.1353    0.1489   0.08282   0.05926   0.02316     1.243
   207/499     1.47G   0.05718   0.05028    0.3459    0.4534         2       416    0.9789    0.1366     0.149   0.08298   0.05925   0.02316     1.236
   208/499     1.47G   0.05661   0.05007    0.3451    0.4518         1       416    0.9791     0.138    0.1443   0.08196   0.05923   0.02316     1.224
   209/499     1.47G   0.05658   0.04996    0.3496    0.4562         2       416    0.9792    0.1387    0.1491   0.08332   0.05921   0.02315     1.215
   210/499     1.47G   0.05684   0.05013    0.3162    0.4232         4       416    0.9801    0.1401    0.1542   0.08462   0.05916   0.02315     1.211
   211/499     1.47G   0.05718   0.04987    0.3274    0.4344         1       416     0.986    0.1403    0.1542   0.08406   0.05909   0.02315     1.208
   212/499     1.47G   0.05696   0.04965    0.3206    0.4272         1       416    0.9895    0.1416    0.1593   0.08455   0.05907   0.02313     1.206
   213/499     1.47G   0.05689   0.05022    0.3376    0.4447         1       416    0.9895    0.1421     0.164   0.08751   0.05903   0.02313     1.205
   214/499     1.47G   0.05682   0.04981    0.3027    0.4093         4       416    0.9895    0.1425     0.164   0.08819   0.05901   0.02313     1.215
   215/499     1.47G   0.05664   0.04954    0.3284    0.4346         4       416    0.9895    0.1428     0.164   0.08797   0.05898   0.02312     1.216
   216/499     1.47G   0.05665   0.05071    0.3487    0.4561         5       416    0.9895     0.143     0.164   0.08802   0.05896   0.02312     1.216
   217/499     1.47G   0.05708   0.05094     0.348     0.456         5       416    0.9896    0.1437    0.1595   0.08568   0.05898    0.0231     1.216
   218/499     1.47G   0.05646   0.05014    0.3241    0.4307         1       416    0.9896    0.1443    0.1595    0.0874   0.05896   0.02309     1.217
   219/499     1.47G   0.05704   0.05005    0.3108    0.4179         3       416    0.9897    0.1445    0.1594   0.08727   0.05894   0.02308     1.217
   220/499     1.47G   0.05644   0.04992    0.3362    0.4425         3       416    0.9896    0.1439    0.1595    0.0879   0.05891   0.02307     1.215
   221/499     1.47G   0.05649   0.04999    0.3375     0.444         2       416    0.9896    0.1432    0.1595   0.08846   0.05889   0.02306     1.217
   222/499     1.47G    0.0566   0.05035    0.3082    0.4151         2       416    0.9896    0.1434    0.1593   0.08913   0.05888   0.02306     1.221
   223/499     1.47G   0.05671   0.04916    0.3011     0.407         1       416    0.9897    0.1446    0.1592   0.08857   0.05887   0.02306     1.224
   224/499     1.47G   0.05628   0.04956    0.2867    0.3925         1       416    0.9896    0.1446    0.1593   0.08867   0.05884   0.02306     1.224
   225/499     1.47G   0.05641   0.04989    0.3194    0.4257         4       416    0.9897     0.145    0.1592   0.08852   0.05883   0.02306     1.226
   226/499     1.47G     0.056   0.04978    0.2994    0.4052         2       416    0.9897    0.1451    0.1631   0.09023   0.05882   0.02306     1.231
   227/499     1.47G   0.05575   0.04997    0.3146    0.4203         3       416    0.9896    0.1454    0.1631   0.09032   0.05881   0.02305     1.234
   228/499     1.47G   0.05601   0.04994    0.3193    0.4252         4       416    0.9896    0.1483     0.163   0.09044    0.0588   0.02304     1.233
   229/499     1.47G   0.05614    0.0504    0.3379    0.4444         2       416    0.9896    0.1484     0.163   0.09079    0.0588   0.02303     1.229
   230/499     1.47G   0.05649   0.05062    0.3346    0.4417         1       416    0.9896     0.149     0.163    0.0903   0.05881   0.02303     1.227
   231/499     1.47G   0.05618   0.04936    0.3203    0.4259         1       416    0.9896    0.1478     0.163   0.09291   0.05881   0.02302     1.228
   232/499     1.47G   0.05589   0.04968    0.3092    0.4147         4       416    0.9894    0.1464    0.1577   0.08857   0.05879   0.02301      1.23
   233/499     1.47G    0.0565   0.04996    0.3195    0.4259         1       416    0.9894    0.1453     0.156    0.0867   0.05879   0.02299     1.234
   234/499     1.47G   0.05589   0.05019    0.3028    0.4089         4       416    0.9893    0.1439     0.156   0.08726   0.05877   0.02297     1.234
   235/499     1.47G   0.05571   0.04958    0.3292    0.4345         2       416    0.9645    0.1423    0.1576   0.08884   0.05873   0.02296     1.233
   236/499     1.47G    0.0559   0.05027    0.2931    0.3992         4       416     0.949    0.1413    0.1559   0.08702    0.0587   0.02294     1.235
   237/499     1.47G   0.05576   0.05039    0.3253    0.4315         1       416     0.926    0.1403    0.1558   0.08661   0.05865   0.02293     1.235
   238/499     1.47G   0.05616   0.04968    0.3131    0.4189         2       416    0.9037    0.1386    0.1574   0.08867   0.05862   0.02292     1.232
   239/499     1.47G   0.05665   0.04915    0.3116    0.4174         2       416    0.8867    0.1377     0.156   0.08682   0.05857   0.02292     1.227
   240/499     1.47G   0.05583   0.05036    0.3131    0.4193         4       416    0.9112    0.1365     0.156    0.0869   0.05854    0.0229     1.225
   241/499     1.47G   0.05628   0.04969    0.3172    0.4231         3       416     0.868    0.1339     0.156   0.08696   0.05851   0.02289     1.221
   242/499     1.47G   0.05612    0.0502    0.3187     0.425         3       416    0.9143    0.1362     0.156   0.08704    0.0585   0.02289     1.218
   243/499     1.47G   0.05593   0.04983    0.3049    0.4107         4       416    0.9146    0.1359    0.1559   0.08708   0.05847   0.02288     1.216
   244/499     1.47G   0.05632   0.04996    0.2979    0.4042         2       416     0.915    0.1362    0.1597   0.08745   0.05844   0.02288     1.214
   245/499     1.47G    0.0562   0.04971    0.3124    0.4183         4       416    0.9143    0.1335    0.1597   0.08777   0.05841   0.02287     1.217
   246/499     1.47G   0.05569   0.04935    0.2816    0.3867         1       416    0.9136    0.1332    0.1603   0.08664   0.05839   0.02286      1.22
   247/499     1.47G   0.05566   0.05059     0.322    0.4283         1       416    0.8618    0.1299    0.1603   0.08668   0.05836   0.02285      1.22
   248/499     1.47G   0.05627   0.05073    0.2907    0.3977         4       416    0.8591    0.1287    0.1601   0.08658   0.05835   0.02285     1.218
   249/499     1.47G   0.05608   0.04979    0.2984    0.4043         3       416    0.8539     0.128    0.1601   0.08683   0.05833   0.02284      1.22
   250/499     1.47G   0.05569   0.04988    0.2956    0.4011         2       416    0.8528    0.1277    0.1601   0.08733   0.05832   0.02284      1.22
   251/499     1.47G   0.05577   0.04945    0.2852    0.3904         1       416    0.8539    0.1243      0.16   0.08752    0.0583   0.02282     1.224
   252/499     1.47G   0.05534   0.04999    0.2912    0.3965         3       416    0.8535    0.1236      0.16   0.08766   0.05827   0.02281     1.228
   253/499     1.47G   0.05551   0.04953    0.3048    0.4098         2       416    0.8553    0.1238      0.16   0.08797   0.05824   0.02281     1.228
   254/499     1.47G   0.05607   0.04971    0.2857    0.3915         1       416     0.856    0.1244      0.16   0.08843   0.05823    0.0228      1.23
   255/499     1.47G   0.05548   0.04942    0.2789    0.3838         1       416    0.8558    0.1242    0.1593   0.08837   0.05818   0.02279     1.229
   256/499     1.47G   0.05541   0.05002    0.2926     0.398         2       416    0.8569     0.124    0.1543   0.08772   0.05815   0.02279     1.228
   257/499     1.47G   0.05556   0.04968    0.2981    0.4034         4       416    0.8585    0.1243    0.1542    0.0877   0.05813   0.02278     1.227
   258/499     1.47G    0.0553   0.04962    0.3089    0.4138         7       416     0.857    0.1245    0.1591    0.0901    0.0581   0.02277     1.226
   259/499     1.47G   0.05566   0.05046    0.2911    0.3972         1       416    0.8541    0.1241    0.1624   0.09032   0.05806   0.02278     1.228
   260/499     1.47G   0.05527   0.04978    0.3074    0.4125         1       416    0.9025    0.1241    0.1569   0.08923   0.05803   0.02277     1.226
   261/499     1.47G   0.05534   0.04967    0.2868    0.3918         3       416    0.8759    0.1245    0.1512   0.08601   0.05801   0.02276     1.221
   262/499     1.47G   0.05544   0.04931    0.2767    0.3815         1       416     0.912    0.1275    0.1518    0.0862   0.05797   0.02275     1.211
   263/499     1.47G   0.05537   0.04945     0.298    0.4028         7       416    0.8946    0.1341     0.154   0.08615   0.05792   0.02274     1.209
   264/499     1.47G   0.05561   0.04954    0.2568    0.3619         3       416    0.8934    0.1347    0.1589   0.08769   0.05787   0.02274     1.211
   265/499     1.47G   0.05524   0.04927    0.3048    0.4093         1       416    0.8739    0.1353    0.1591   0.08886   0.05782   0.02274     1.209
   266/499     1.47G   0.05497   0.04965    0.2878    0.3924         4       416     0.872    0.1355    0.1542   0.08674   0.05779   0.02273     1.205
   267/499     1.47G   0.05495   0.04961    0.3045    0.4091         4       416    0.8688     0.136    0.1542   0.08666   0.05776   0.02273       1.2
   268/499     1.47G   0.05518   0.04981    0.2907    0.3957         2       416    0.8713    0.1362     0.154   0.08628   0.05775   0.02272     1.197
   269/499     1.47G   0.05522    0.0496    0.2866    0.3914         2       416    0.8615    0.1336    0.1469     0.085   0.05774   0.02271     1.189
   270/499     1.47G   0.05532   0.04936    0.2818    0.3865         1       416     0.872    0.1343    0.1432   0.08409   0.05772    0.0227     1.188
   271/499     1.47G   0.05521   0.04902    0.2818     0.386         1       416    0.8787    0.1342    0.1432   0.08422   0.05768    0.0227     1.184
   272/499     1.47G   0.05568   0.04939    0.2844    0.3895         2       416     0.883    0.1318    0.1392   0.08368   0.05767   0.02269     1.185
   273/499     1.47G   0.05518   0.04958    0.2933     0.398         4       416    0.8887    0.1314    0.1392   0.08352   0.05769   0.02268     1.188
   274/499     1.47G   0.05507   0.04886    0.2641     0.368         2       416    0.8895    0.1308    0.1392   0.08387   0.05767   0.02266     1.186
   275/499     1.47G   0.05532   0.04918    0.3107    0.4152         1       416    0.8895    0.1305    0.1392   0.08389   0.05768   0.02266     1.185
   276/499     1.47G    0.0553   0.04997    0.2696    0.3748         3       416    0.8934    0.1297    0.1392   0.08379   0.05767   0.02265     1.187
   277/499     1.47G   0.05519   0.04991    0.2904    0.3955         3       416    0.8966     0.129    0.1441   0.08563   0.05766   0.02265     1.186
   278/499     1.47G    0.0551   0.05001    0.3072    0.4123         5       416    0.9057    0.1261    0.1441   0.08569   0.05765   0.02264     1.191
   279/499     1.47G   0.05553   0.04989    0.3022    0.4076         1       416    0.9098    0.1245    0.1441   0.08554   0.05767   0.02264     1.197
   280/499     1.47G   0.05545   0.05002    0.2764    0.3818         4       416    0.9097    0.1235     0.149   0.08939   0.05768   0.02264     1.201
   281/499     1.47G   0.05486   0.04953     0.262    0.3664         1       416     0.908    0.1229     0.149   0.08935   0.05768   0.02264     1.204
   282/499     1.47G   0.05498   0.04972    0.2556    0.3603         1       416    0.8753    0.1207    0.1485   0.08882   0.05768   0.02264     1.211
   283/499     1.47G   0.05479   0.04948    0.2798    0.3841         3       416      0.88    0.1205    0.1485   0.08973   0.05766   0.02264      1.21
   284/499     1.47G   0.05467   0.04949    0.2573    0.3614         1       416    0.8746    0.1198    0.1485   0.08998   0.05767   0.02264     1.214
   285/499     1.47G   0.05442   0.04931    0.3011    0.4048         1       416    0.9019    0.1188    0.1483   0.08972   0.05765   0.02263      1.22
   286/499     1.47G    0.0546   0.04912    0.2814    0.3851         2       416    0.9007    0.1172    0.1483    0.0889   0.05763   0.02264     1.222
   287/499     1.47G   0.05514   0.04949    0.2882    0.3928         4       416     0.834    0.1222    0.1513   0.09058   0.05762   0.02264     1.228
   288/499     1.47G   0.05469   0.04945    0.2828    0.3869         1       416    0.8359    0.1229    0.1479   0.08839    0.0576   0.02263     1.226
   289/499     1.47G   0.05459   0.04905     0.271    0.3746         2       416    0.8403    0.1228    0.1512   0.09144    0.0576   0.02262     1.227
   290/499     1.47G   0.05422   0.04911    0.2595    0.3628         5       416    0.8423     0.124    0.1556    0.0914   0.05758   0.02262     1.229
   291/499     1.47G   0.05442   0.04992    0.2798    0.3842         1       416    0.8449    0.1254    0.1517   0.08889   0.05757   0.02262     1.229
   292/499     1.47G   0.05423    0.0498    0.2617    0.3657         4       416    0.8447    0.1258    0.1431   0.08701   0.05758   0.02262     1.233
   293/499     1.47G   0.05458   0.04912    0.2744    0.3781         2       416    0.8455    0.1275    0.1426   0.08707   0.05757   0.02262     1.227
   294/499     1.47G   0.05459   0.04927    0.2609    0.3648         2       416     0.857    0.1291    0.1496   0.08775   0.05756   0.02262     1.226
   295/499     1.47G   0.05414   0.04921    0.2701    0.3735         3       416     0.857    0.1287    0.1529   0.08913   0.05754   0.02261     1.226
   296/499     1.47G   0.05419   0.04927    0.2738    0.3773         4       416    0.8576    0.1284    0.1529   0.08954   0.05752    0.0226     1.226
   297/499     1.47G   0.05414   0.04892    0.2691    0.3721         3       416    0.8578    0.1267    0.1529   0.08984   0.05752   0.02259     1.226
   298/499     1.47G   0.05421     0.049    0.2556    0.3588         2       416    0.8554    0.1269    0.1529   0.08953    0.0575   0.02259     1.228
   299/499     1.47G   0.05434   0.04951    0.2766    0.3804         3       416    0.8561    0.1285    0.1546   0.09058   0.05748   0.02258     1.233
   300/499     1.47G   0.05431   0.04929    0.2742    0.3778         3       416    0.8542    0.1281    0.1548   0.09056   0.05745   0.02258     1.237
   301/499     1.47G   0.05435   0.04941    0.2584    0.3621         5       416    0.8542    0.1277    0.1548   0.09079   0.05743   0.02257     1.242
   302/499     1.47G   0.05438   0.04954    0.2616    0.3655         1       416    0.8682    0.1297    0.1529   0.09002   0.05741   0.02257     1.245
   303/499     1.47G   0.05381   0.04922    0.2399     0.343         2       416    0.8681     0.129    0.1566   0.09233   0.05739   0.02256     1.246
   304/499     1.47G    0.0536   0.04938    0.2543    0.3573         4       416     0.859    0.1272    0.1566   0.09171    0.0574   0.02254     1.247
   305/499     1.47G   0.05387   0.04875    0.2476    0.3503         4       416    0.8619    0.1307    0.1564   0.09105   0.05742   0.02252     1.247
   306/499     1.47G   0.05464   0.04922    0.2604    0.3643         2       416    0.8564    0.1313    0.1564   0.09076   0.05744   0.02251     1.247
   307/499     1.47G   0.05417    0.0491    0.2666    0.3698         2       416    0.8409     0.131     0.158   0.09321   0.05745   0.02249     1.248
   308/499     1.47G   0.05398   0.04913    0.2523    0.3554         4       416    0.8491     0.131     0.158   0.09324   0.05746   0.02248     1.248
   309/499     1.47G   0.05352   0.04934    0.2546    0.3575         3       416    0.8576    0.1306     0.158   0.09322   0.05747   0.02247     1.244
   310/499     1.47G   0.05373    0.0492    0.2375    0.3404         2       416    0.8588      0.13    0.1633   0.09483   0.05748   0.02245     1.245
   311/499     1.47G   0.05398   0.04896    0.2391     0.342         4       416    0.8623    0.1308     0.163   0.09452   0.05747   0.02244     1.242
   312/499     1.47G   0.05336   0.04901    0.2632    0.3655         4       416    0.8701    0.1328    0.1632   0.09475   0.05746   0.02244     1.242
   313/499     1.47G   0.05391   0.04874    0.2446    0.3473         4       416     0.873    0.1339    0.1632   0.09485   0.05745   0.02243     1.244
   314/499     1.47G   0.05362   0.04905    0.2475    0.3501         1       416    0.8726    0.1354    0.1637   0.09504   0.05747   0.02243     1.249
   315/499     1.47G   0.05401   0.04861    0.2599    0.3625         1       416    0.8364    0.1338    0.1634   0.09524   0.05747   0.02242     1.258
   316/499     1.47G   0.05355   0.04883    0.2558    0.3582         1       416    0.8363     0.134    0.1632   0.09573   0.05744   0.02242     1.264
   317/499     1.47G   0.05354   0.04876    0.2888    0.3911         2       416    0.8376    0.1348    0.1631   0.09561   0.05742   0.02242     1.265
   318/499     1.47G   0.05354   0.04927    0.2746    0.3774         1       416    0.8368    0.1354    0.1629   0.09559   0.05739   0.02242     1.252
   319/499     1.47G   0.05393    0.0492    0.2556    0.3588         6       416    0.8356    0.1353    0.1629   0.09581   0.05736   0.02242     1.249
   320/499     1.47G   0.05358   0.04915    0.2601    0.3628         1       416    0.8766    0.1386     0.163   0.09565   0.05732   0.02243     1.249
   321/499     1.47G   0.05355   0.04922    0.2536    0.3564         2       416    0.8622    0.1393     0.163   0.09569   0.05729   0.02242     1.251
   322/499     1.47G    0.0536    0.0488    0.2429    0.3453         1       416     0.863    0.1393    0.1629   0.09562   0.05729   0.02242     1.247
   323/499     1.47G    0.0535    0.0483    0.2558    0.3576         1       416    0.8559    0.1421     0.163    0.0958   0.05728   0.02241     1.247
   324/499     1.47G   0.05307   0.04847    0.2289    0.3305         3       416    0.8621    0.1461    0.1632   0.09593   0.05729    0.0224     1.249
   325/499     1.47G   0.05331   0.04924    0.2642    0.3668         4       416    0.8705    0.1446    0.1583   0.09342   0.05729   0.02239     1.249
   326/499     1.47G   0.05318   0.04884    0.2572    0.3592         1       416    0.8669    0.1454    0.1629   0.09605   0.05728   0.02238     1.253
   327/499     1.47G   0.05311   0.04896    0.2391    0.3412         5       416    0.8663    0.1419    0.1625   0.09592   0.05729   0.02237     1.253
   328/499     1.47G   0.05299    0.0486    0.2612    0.3628         2       416    0.8663    0.1416    0.1674   0.09644   0.05728   0.02237     1.256
   329/499     1.47G   0.05312   0.04871    0.2536    0.3554         1       416    0.8554     0.143    0.1674   0.09668   0.05727   0.02236     1.262
   330/499     1.47G   0.05288   0.04852    0.2396     0.341         1       416    0.8471    0.1437    0.1674   0.09671   0.05726   0.02235     1.266
   331/499     1.47G   0.05317   0.04848    0.2524     0.354         4       416    0.8767    0.1477    0.1676   0.09672   0.05724   0.02234     1.264
   332/499     1.47G   0.05288   0.04861    0.2288    0.3303         3       416    0.8771    0.1485    0.1673   0.09636   0.05723   0.02233     1.265
   333/499     1.47G   0.05292   0.04894    0.2231     0.325         2       416    0.8879    0.1513      0.17   0.09702   0.05719   0.02233     1.267
   334/499     1.47G   0.05237   0.04835    0.2405    0.3412         1       416    0.8886    0.1514    0.1752   0.09936   0.05716   0.02231     1.268
   335/499     1.47G   0.05309   0.04868    0.2375    0.3393         1       416    0.8887    0.1515    0.1755   0.09745   0.05714   0.02231      1.27
   336/499     1.47G    0.0528    0.0489    0.2303     0.332         2       416    0.8409    0.1474    0.1758   0.09802   0.05713    0.0223      1.27
   337/499     1.47G   0.05225   0.04849    0.2272    0.3279         2       416    0.8464    0.1477    0.1783   0.09884   0.05712   0.02229     1.277
   338/499     1.47G   0.05218   0.04817    0.2206    0.3209         1       416    0.8618    0.1501    0.1783   0.09905   0.05711   0.02227     1.278
   339/499     1.47G   0.05244   0.04809    0.2308    0.3313         4       416    0.8618    0.1486     0.179   0.09994    0.0571   0.02226     1.276
   340/499     1.47G   0.05227   0.04828    0.2329    0.3335         2       416    0.8757    0.1512    0.1796    0.1018   0.05709   0.02225     1.282
   341/499     1.47G   0.05251   0.04883    0.2291    0.3305         1       416    0.8769    0.1514    0.1796    0.1013   0.05707   0.02224     1.287
   342/499     1.47G   0.05269   0.04814    0.2307    0.3316         1       416     0.877    0.1514      0.18    0.1033   0.05703   0.02224       1.3
   343/499     1.47G   0.05299   0.04867    0.2505    0.3521         1       416    0.8767    0.1522    0.1802    0.1026   0.05701   0.02223     1.303
   344/499     1.47G   0.05262   0.04853     0.223    0.3241         1       416    0.8769    0.1531    0.1802    0.1035   0.05701   0.02223     1.301
   345/499     1.47G   0.05247   0.04851    0.2127    0.3137         5       416     0.872    0.1517      0.18     0.103   0.05699   0.02222     1.303
   346/499     1.47G   0.05221   0.04848    0.2169    0.3176         4       416    0.8714    0.1517    0.1806    0.1027   0.05698   0.02221     1.307
   347/499     1.47G   0.05237   0.04809    0.2222    0.3227         1       416    0.8725    0.1518    0.1806     0.102   0.05697   0.02219     1.311
   348/499     1.47G   0.05267   0.04832    0.2146    0.3156         2       416    0.8729     0.152    0.1806    0.1021   0.05696   0.02218     1.316
   349/499     1.47G   0.05219   0.04864    0.2401    0.3409         2       416    0.8722    0.1519    0.1805    0.1019   0.05695   0.02217     1.318
   350/499     1.47G   0.05238   0.04878    0.2433    0.3444         3       416    0.8743     0.152    0.1806    0.1014   0.05692   0.02216     1.314
   351/499     1.47G   0.05218   0.04796    0.2375    0.3376         3       416    0.8753    0.1524    0.1805    0.1018    0.0569   0.02214     1.315
   352/499     1.47G   0.05269   0.04769    0.2286    0.3289         1       416    0.8792    0.1535    0.1807    0.1021   0.05688   0.02213     1.315
   353/499     1.47G   0.05245   0.04838    0.2275    0.3283         4       416    0.8811    0.1544    0.1806     0.102   0.05686   0.02212      1.32
   354/499     1.47G   0.05257   0.04831    0.2269    0.3278         1       416     0.877    0.1533    0.1806     0.102   0.05686    0.0221     1.316
   355/499     1.47G   0.05242   0.04819    0.2363    0.3369         1       416    0.8875    0.1525    0.1779    0.1019   0.05684   0.02209     1.314
   356/499     1.47G   0.05253   0.04818    0.2333     0.334         2       416    0.9074    0.1516    0.1779    0.1016   0.05683   0.02208     1.317
   357/499     1.47G   0.05243   0.04847    0.2268    0.3277         2       416     0.906     0.151     0.181    0.1027   0.05681   0.02207     1.318
   358/499     1.47G   0.05262   0.04856    0.2234    0.3246         3       416    0.9083    0.1517    0.1809    0.1038   0.05681   0.02206     1.321
   359/499     1.47G   0.05232   0.04815    0.2059    0.3064         2       416    0.9022     0.152    0.1811    0.1038   0.05682   0.02205     1.322
   360/499     1.47G   0.05172   0.04843    0.2228    0.3229         2       416    0.9012    0.1523    0.1811    0.1038   0.05683   0.02204     1.325
   361/499     1.47G   0.05216   0.04831    0.2242    0.3247         1       416    0.9125    0.1538    0.1852    0.1041   0.05682   0.02203     1.329
   362/499     1.47G   0.05178   0.04847    0.2124    0.3126         1       416    0.9152    0.1548    0.1852    0.1041    0.0568   0.02203     1.327
   363/499     1.47G    0.0523   0.04844    0.2292      0.33         2       416    0.9155    0.1553    0.1854    0.1044    0.0568   0.02202     1.324
   364/499     1.47G   0.05194   0.04792    0.1984    0.2983         4       416    0.9147    0.1551    0.1854    0.1045   0.05677   0.02202     1.324
   365/499     1.47G   0.05212   0.04804    0.2154    0.3155         3       416    0.9126    0.1556    0.1849     0.105   0.05678   0.02201     1.324
   366/499     1.47G   0.05195   0.04872    0.2335    0.3342         1       416    0.9138    0.1579      0.19    0.1069    0.0568   0.02199     1.326
   367/499     1.47G   0.05171   0.04844     0.221    0.3211         3       416    0.9021    0.1557    0.1838    0.1058   0.05682   0.02198     1.323
   368/499     1.47G   0.05152   0.04797    0.2053    0.3048         3       416    0.9013    0.1567     0.189    0.1084   0.05683   0.02197     1.324
   369/499     1.47G   0.05172    0.0481    0.2257    0.3255         3       416    0.8992     0.156     0.189    0.1084   0.05684   0.02195     1.331
   370/499     1.47G   0.05186    0.0484    0.2113    0.3116         1       416    0.9436    0.1593      0.19     0.109   0.05687   0.02194      1.33
   371/499     1.47G   0.05134   0.04752    0.2094    0.3083         1       416    0.9457    0.1614    0.1896    0.1088   0.05688   0.02192      1.33
   372/499     1.47G   0.05196    0.0481    0.2231    0.3231         1       416    0.9464    0.1621    0.1904    0.1092   0.05691   0.02191     1.323
   373/499     1.47G   0.05196    0.0477    0.2074    0.3071         1       416     0.947    0.1627    0.1907    0.1095   0.05691   0.02189      1.32
   374/499     1.47G   0.05157   0.04813    0.2045    0.3042         3       416    0.9477    0.1633    0.1908    0.1099   0.05691   0.02188     1.316
   375/499     1.47G   0.05165   0.04831    0.2049    0.3049         3       416    0.9484    0.1641    0.1861    0.1064    0.0569   0.02187     1.318
   376/499     1.47G   0.05177   0.04782    0.2102    0.3098         4       416    0.9495    0.1654    0.1862    0.1061   0.05689   0.02186      1.32
   377/499     1.47G   0.05216   0.04823     0.197    0.2974         3       416    0.9503    0.1665    0.1862    0.1071   0.05688   0.02185      1.32
   378/499     1.47G    0.0515   0.04769    0.1989    0.2981         4       416    0.9516    0.1679    0.1863    0.1076   0.05686   0.02184     1.314
   379/499     1.47G   0.05148   0.04776    0.1939    0.2931         6       416    0.9526    0.1691    0.1873    0.1083   0.05685   0.02183     1.315
   380/499     1.47G   0.05137   0.04746    0.1844    0.2832         4       416    0.9532      0.17    0.1915    0.1094   0.05683   0.02182     1.315
   381/499     1.47G    0.0516   0.04769    0.1963    0.2956         4       416    0.9273    0.1674    0.1918    0.1105    0.0568   0.02181     1.313
   382/499     1.47G   0.05141   0.04793    0.2005    0.2998         3       416    0.9218    0.1671    0.1869    0.1081    0.0568    0.0218     1.313
   383/499     1.47G   0.05178   0.04813    0.2217    0.3216         5       416    0.9189    0.1675    0.1919    0.1102   0.05681   0.02179     1.317
   384/499     1.47G   0.05138   0.04834    0.1942    0.2939         1       416    0.9194    0.1675    0.1919    0.1104    0.0568   0.02178     1.322
   385/499     1.47G   0.05119   0.04797    0.2044    0.3035         1       416    0.9195    0.1672    0.1919    0.1104   0.05677   0.02178     1.317
   386/499     1.47G   0.05137   0.04746    0.1855    0.2843         4       416    0.9191    0.1671     0.187    0.1098   0.05676   0.02177     1.316
   387/499     1.47G   0.05119   0.04784    0.2162    0.3152         1       416    0.9183    0.1667    0.1866    0.1096   0.05674   0.02177     1.314
   388/499     1.47G   0.05109   0.04791    0.1934    0.2924         3       416    0.9225    0.1667    0.1866    0.1092   0.05672   0.02176     1.318
   389/499     1.47G   0.05187   0.04828    0.2163    0.3164         4       416    0.9252    0.1673    0.1866    0.1093    0.0567   0.02175     1.318
   390/499     1.47G   0.05075   0.04752     0.204    0.3023         2       416    0.9278    0.1683    0.1866    0.1093   0.05668   0.02175     1.325
   391/499     1.47G   0.05157    0.0481    0.2083     0.308         3       416     0.928    0.1688    0.1865    0.1103   0.05667   0.02174     1.321
   392/499     1.47G   0.05119   0.04774    0.1872    0.2862         3       416     0.932    0.1688    0.1869    0.1105   0.05667   0.02173     1.319
   393/499     1.47G   0.05139   0.04738    0.1967    0.2955         1       416    0.9331    0.1688    0.1869    0.1107   0.05665   0.02173     1.316
   394/499     1.47G   0.05116   0.04795    0.1951    0.2942         2       416    0.9352    0.1687    0.1869    0.1103   0.05664   0.02172     1.316
   395/499     1.47G   0.05091   0.04769    0.2003    0.2989         1       416    0.9333    0.1681    0.1872    0.1103   0.05665    0.0217     1.312
   396/499     1.47G    0.0508   0.04798    0.1933     0.292         2       416    0.9327    0.1684    0.1872    0.1102   0.05662    0.0217     1.312
   397/499     1.47G   0.05025   0.04706    0.1841    0.2814         1       416    0.9326    0.1683    0.1872    0.1094   0.05661   0.02169     1.313
   398/499     1.47G   0.05108   0.04782    0.2091     0.308         1       416    0.9316    0.1657    0.1872    0.1101   0.05659   0.02168     1.306
   399/499     1.47G    0.0509   0.04789     0.179    0.2778         1       416    0.9309    0.1658    0.1868    0.1096   0.05657   0.02167     1.305
   400/499     1.47G    0.0509    0.0477    0.1881    0.2867         1       416    0.9321    0.1662    0.1871    0.1094   0.05654   0.02167     1.302
   401/499     1.47G   0.05125   0.04732    0.1997    0.2982         1       416     0.932    0.1672    0.1871    0.1097   0.05651   0.02166     1.303
   402/499     1.47G    0.0509   0.04753    0.1859    0.2843         4       416     0.953    0.1695    0.1868    0.1098   0.05647   0.02166     1.307
   403/499     1.47G   0.05146   0.04765    0.1953    0.2945         2       416    0.9533    0.1701    0.1921    0.1118   0.05644   0.02166     1.308
   404/499     1.47G   0.05112   0.04849    0.2018    0.3014         4       416    0.9538    0.1706    0.1921    0.1112   0.05643   0.02165     1.313
   405/499     1.47G   0.05115   0.04745    0.2076    0.3062         2       416    0.9195    0.1677    0.1922    0.1109   0.05642   0.02165     1.315
   406/499     1.47G   0.05151    0.0482    0.2363     0.336         2       416    0.9279    0.1746    0.1875      0.11   0.05639   0.02165     1.315
   407/499     1.47G   0.05152   0.04773    0.2032    0.3024         4       416    0.9285    0.1753    0.1916    0.1119   0.05635   0.02166     1.314
   408/499     1.47G   0.05161    0.0475    0.2022    0.3013         5       416    0.9291    0.1756    0.1958     0.114   0.05632   0.02166     1.318
   409/499     1.47G    0.0508   0.04732     0.185    0.2831         1       416     0.929    0.1759    0.1952    0.1134   0.05629   0.02166     1.324
   410/499     1.47G   0.05083   0.04806    0.1978    0.2967         3       416    0.9295    0.1767    0.2002    0.1157   0.05625   0.02166      1.33
   411/499     1.47G   0.05077    0.0474    0.2028     0.301         2       416    0.9301    0.1776    0.2002    0.1165   0.05623   0.02165     1.332
   412/499     1.47G   0.05099   0.04815    0.2026    0.3017         4       416     0.931    0.1786    0.2046    0.1161   0.05621   0.02164     1.328
   413/499     1.47G   0.05063   0.04828    0.1839    0.2828         2       416    0.9315    0.1789    0.2045    0.1183   0.05619   0.02164     1.325
   414/499     1.47G   0.05075   0.04699    0.1836    0.2813         3       416    0.9322    0.1798    0.2043    0.1193   0.05615   0.02164     1.325
   415/499     1.47G   0.05023   0.04702    0.1842    0.2814         3       416    0.9322    0.1799    0.2088    0.1211   0.05608   0.02164     1.333
   416/499     1.47G   0.05035   0.04735    0.1716    0.2693         2       416    0.9176    0.1788    0.2092    0.1205   0.05604   0.02164     1.339
   417/499     1.47G    0.0504   0.04756    0.1893    0.2873         0       416    0.9141    0.1787    0.2138    0.1222   0.05601   0.02163     1.344
   418/499     1.47G   0.05027   0.04681    0.1763    0.2734         2       416    0.9123    0.1794    0.2138    0.1228   0.05597   0.02162     1.347
   419/499     1.47G   0.05001   0.04704    0.1669     0.264         3       416    0.9278    0.1825    0.2088    0.1212   0.05592   0.02162     1.348
   420/499     1.47G   0.05035   0.04674    0.1763    0.2734         1       416    0.9272    0.1851    0.2093    0.1214   0.05588   0.02162     1.353
   421/499     1.47G   0.05019   0.04699     0.173    0.2702         2       416     0.919    0.1851    0.2142    0.1223   0.05584   0.02161      1.36
   422/499     1.47G   0.05019   0.04718    0.1757     0.273         4       416    0.8981    0.1856    0.2142    0.1237    0.0558   0.02161     1.366
   423/499     1.47G   0.04995   0.04715    0.1713    0.2684         0       416    0.9029    0.1919    0.2145    0.1239   0.05577    0.0216     1.374
   424/499     1.47G   0.05043   0.04772     0.184    0.2822         3       416    0.9033     0.192    0.2149    0.1242   0.05575    0.0216     1.384
   425/499     1.47G   0.04978    0.0471    0.1857    0.2826         1       416     0.903    0.1924     0.215    0.1233   0.05572   0.02159     1.388
   426/499     1.47G   0.05032   0.04686    0.1716    0.2688         4       416    0.9015    0.1915     0.215    0.1236   0.05569   0.02159     1.392
   427/499     1.47G   0.04999   0.04695    0.1616    0.2586         3       416    0.9004    0.1913    0.2153    0.1234   0.05567   0.02159     1.398
   428/499     1.47G   0.05033   0.04756    0.1724    0.2703         1       416     0.901    0.1925    0.2153    0.1231   0.05564   0.02159     1.402
   429/499     1.47G   0.05028   0.04701    0.1942    0.2915         2       416    0.9005    0.1921    0.2153    0.1235   0.05561   0.02159     1.407
   430/499     1.47G   0.04963   0.04679    0.1621    0.2585         1       416    0.9005    0.1922    0.2156    0.1233   0.05558   0.02159     1.406
   431/499     1.47G   0.04963   0.04669    0.1591    0.2554         2       416    0.8999    0.1918    0.2205    0.1256   0.05556   0.02159     1.407
   432/499     1.47G   0.04994   0.04713    0.1772    0.2743         3       416    0.8998    0.1925    0.2205    0.1258   0.05555   0.02159     1.412
   433/499     1.47G   0.04999   0.04677    0.1605    0.2572         1       416    0.9006    0.1946    0.2208    0.1263   0.05553   0.02158     1.414
   434/499     1.47G   0.05009   0.04754     0.168    0.2656         1       416    0.9015    0.1953     0.225    0.1286   0.05551   0.02158     1.414
   435/499     1.47G   0.05022    0.0471    0.1721    0.2694         2       416    0.9021    0.1958     0.225    0.1299   0.05549   0.02157     1.411
   436/499     1.47G   0.05004   0.04734    0.1752    0.2726         1       416    0.9024    0.1967    0.2387     0.135   0.05546   0.02157     1.413
   437/499     1.47G   0.05011   0.04711    0.1714    0.2687         2       416    0.9026    0.1964    0.2386    0.1349   0.05544   0.02157     1.412
   438/499     1.47G   0.04977    0.0469    0.1745    0.2711         2       416    0.8917    0.1952    0.2388    0.1351   0.05541   0.02157     1.411
   439/499     1.47G   0.04986   0.04689    0.1689    0.2657         4       416    0.8872    0.1962    0.2389    0.1353   0.05538   0.02156     1.414
   440/499     1.47G   0.04984   0.04686     0.183    0.2797         0       416    0.8885    0.1967    0.2387     0.135   0.05536   0.02156     1.417
   441/499     1.47G   0.04985    0.0466    0.1676    0.2641         2       416    0.8924       0.2    0.2439    0.1368   0.05534   0.02156     1.421
   442/499     1.47G   0.04977   0.04682    0.1636    0.2602         1       416     0.895    0.2038    0.2441    0.1368   0.05532   0.02156     1.429
   443/499     1.47G   0.04998   0.04732    0.1659    0.2632         3       416    0.9012    0.2112    0.2441    0.1371   0.05529   0.02156     1.431
   444/499     1.47G   0.04972   0.04676    0.1593    0.2558         2       416    0.9013    0.2117    0.2479    0.1393   0.05525   0.02155     1.433
   445/499     1.47G   0.04983   0.04743    0.1681    0.2653         4       416    0.8997      0.21    0.2428    0.1373   0.05523   0.02155     1.432
   446/499     1.47G   0.04952   0.04727    0.1553    0.2521         3       416    0.8998    0.2104    0.2479     0.138   0.05522   0.02154     1.428
   447/499     1.47G    0.0497   0.04707    0.1479    0.2447         2       416     0.902    0.2129    0.2479     0.138    0.0552   0.02154     1.424
   448/499     1.47G   0.04947    0.0467    0.1515    0.2477         5       416    0.9016    0.2135    0.2479    0.1383   0.05517   0.02154     1.428
   449/499     1.47G   0.04944   0.04677    0.1697    0.2659         1       416    0.9048    0.2179    0.2479    0.1383   0.05515   0.02153     1.432
   450/499     1.47G    0.0496   0.04695    0.1474    0.2439         1       416    0.9037    0.2171     0.248    0.1383   0.05512   0.02152     1.435
   451/499     1.47G    0.0494   0.04652    0.1603    0.2562         0       416    0.9041    0.2179    0.2478    0.1383   0.05508   0.02152     1.439
   452/499     1.47G   0.04936    0.0468    0.1791    0.2752         2       416    0.9039    0.2192     0.248    0.1391   0.05505   0.02152      1.44
   453/499     1.47G   0.04962   0.04678    0.1669    0.2633         3       416    0.9038    0.2193    0.2486      0.14   0.05501   0.02152     1.445
   454/499     1.47G   0.04954   0.04687    0.1816     0.278         3       416    0.9057    0.2235    0.2528    0.1434     0.055   0.02151     1.449
   455/499     1.47G   0.04963   0.04706    0.1706    0.2673         4       416    0.8899    0.2204    0.2578    0.1444   0.05498   0.02151     1.453
   456/499     1.47G   0.04957   0.04702    0.1647    0.2613         2       416      0.89    0.2224    0.2575    0.1445   0.05496   0.02151     1.459
   457/499     1.47G   0.04959   0.04678    0.1617     0.258         2       416    0.8915     0.224    0.2615    0.1462   0.05495    0.0215     1.467
   458/499     1.47G   0.04945    0.0466    0.1717    0.2677         2       416    0.8967    0.2296    0.2612    0.1456   0.05492    0.0215     1.471
   459/499     1.47G   0.04973   0.04691    0.1706    0.2672         2       416    0.8963    0.2292    0.2616    0.1472    0.0549   0.02149     1.477
   460/499     1.47G   0.04947   0.04613    0.1539    0.2495         2       416    0.8957     0.229    0.2611    0.1469   0.05489   0.02148     1.478
   461/499     1.47G   0.04916   0.04681    0.1651    0.2611         4       416    0.8952    0.2271    0.2614    0.1472    0.0549   0.02148     1.478
   462/499     1.47G   0.04943   0.04622    0.1617    0.2573         3       416    0.8956    0.2271    0.2615    0.1474   0.05489   0.02147     1.477
   463/499     1.47G   0.04933   0.04707    0.1678    0.2642         1       416    0.8977    0.2305    0.2619     0.148   0.05489   0.02146     1.475
   464/499     1.47G   0.04938   0.04668    0.1844    0.2805         1       416    0.8979    0.2288    0.2713    0.1512   0.05485   0.02145     1.471
   465/499     1.47G   0.04903   0.04669    0.1467    0.2424         3       416    0.8974    0.2298    0.2669    0.1501   0.05483   0.02145     1.471
   466/499     1.47G   0.04875   0.04623    0.1656    0.2606         3       416    0.8971    0.2307    0.2674    0.1499    0.0548   0.02145     1.467
   467/499     1.47G   0.04873   0.04667    0.1566     0.252         1       416    0.8989    0.2318    0.2677    0.1493   0.05476   0.02144     1.467
   468/499     1.47G   0.04914   0.04651    0.1584     0.254         1       416    0.8992    0.2335    0.2729    0.1523   0.05473   0.02144     1.469
   469/499     1.47G   0.04924   0.04615    0.1632    0.2585         2       416    0.8997    0.2338    0.2762    0.1543    0.0547   0.02143     1.467
   470/499     1.47G   0.04915   0.04642    0.1637    0.2593         4       416    0.9018    0.2365    0.2733    0.1533   0.05468   0.02142     1.465
   471/499     1.47G   0.04888   0.04678    0.1631    0.2587         1       416    0.9012    0.2358    0.2732    0.1535   0.05465   0.02142     1.463
   472/499     1.47G   0.04911   0.04663    0.1465    0.2423         2       416    0.9002    0.2342    0.2731    0.1513   0.05461   0.02141     1.462
   473/499     1.47G   0.04914    0.0464    0.1514    0.2469         2       416    0.9009    0.2348    0.2759    0.1531   0.05459    0.0214     1.464
   474/499     1.47G   0.04936   0.04664    0.1508    0.2468         2       416    0.9016    0.2351    0.2763    0.1536   0.05459   0.02139     1.462
   475/499     1.47G   0.04933   0.04687    0.1691    0.2653         2       416    0.9029    0.2357    0.2761    0.1535   0.05455   0.02139      1.46
   476/499     1.47G   0.04901   0.04706    0.1582    0.2542         3       416    0.9023     0.237    0.2762     0.154   0.05453   0.02138     1.464
   477/499     1.47G   0.04902   0.04598    0.1644    0.2594         2       416    0.8993    0.2373    0.2763    0.1539   0.05451   0.02138     1.468
   478/499     1.47G   0.04953   0.04676    0.1665    0.2628         2       416    0.9005    0.2391    0.2761    0.1536    0.0545   0.02137     1.463
   479/499     1.47G   0.04915   0.04652    0.1715    0.2671         2       416    0.9016    0.2418    0.2783    0.1554   0.05448   0.02136     1.461
   480/499     1.47G    0.0492   0.04632    0.1658    0.2613         2       416    0.9025    0.2431    0.2782    0.1551   0.05446   0.02136     1.466
   481/499     1.47G   0.04932   0.04627    0.1567    0.2523         2       416    0.9038    0.2448     0.283    0.1579   0.05443   0.02135     1.466
   482/499     1.47G   0.04904   0.04661    0.1568    0.2525         2       416    0.8985    0.2442    0.2836    0.1576    0.0544   0.02135     1.466
   483/499     1.47G   0.04936   0.04656    0.1608    0.2567         4       416    0.8974     0.244    0.2836    0.1563   0.05439   0.02134      1.47
   484/499     1.47G    0.0496   0.04624    0.1449    0.2408         2       416    0.8961    0.2443    0.2766    0.1521   0.05439   0.02133     1.469
   485/499     1.47G   0.04935   0.04661    0.1625    0.2585         4       416    0.8956    0.2466    0.2837    0.1572   0.05438   0.02132     1.466
   486/499     1.47G   0.04908   0.04688    0.1616    0.2576         5       416    0.8951    0.2485    0.2837     0.156   0.05436   0.02131     1.459
   487/499     1.47G   0.04913   0.04596    0.1589     0.254         1       416    0.8948    0.2502    0.2877    0.1584   0.05435    0.0213     1.461
   488/499     1.47G   0.04911   0.04664    0.1618    0.2575         4       416    0.8925    0.2516    0.2877    0.1583   0.05434    0.0213      1.46
   489/499     1.47G   0.04909   0.04571    0.1567    0.2515         2       416    0.8919    0.2526    0.2835    0.1559   0.05434   0.02128     1.456
   490/499     1.47G   0.04875   0.04625    0.1669    0.2619         4       416    0.8926    0.2549     0.284    0.1575   0.05433   0.02128     1.451
   491/499     1.47G   0.04919   0.04662    0.1566    0.2524         4       416    0.8931     0.256    0.2837    0.1569   0.05432   0.02127     1.445
   492/499     1.47G     0.049   0.04665    0.1552    0.2508         4       416    0.8926    0.2563    0.2836    0.1573    0.0543   0.02127     1.445
   493/499     1.47G   0.04894   0.04696    0.1416    0.2375         2       416    0.8927    0.2566    0.2878    0.1592    0.0543   0.02126     1.443
   494/499     1.47G   0.04873   0.04652    0.1546    0.2498         2       416    0.8922    0.2568    0.2879    0.1594   0.05429   0.02125     1.441
   495/499     1.47G   0.04906   0.04583    0.1468    0.2417         1       416    0.8923    0.2569    0.2879    0.1596   0.05428   0.02125     1.439
   496/499     1.47G     0.049   0.04694    0.1584    0.2543         6       416    0.8923    0.2571    0.2928    0.1609   0.05426   0.02124     1.441
   497/499     1.47G   0.04879   0.04633    0.1643    0.2594         4       416    0.8924    0.2574    0.2928    0.1594   0.05423   0.02123     1.441
   498/499     1.47G   0.04881   0.04613    0.1484    0.2433         3       416    0.8923    0.2571     0.293    0.1599   0.05421   0.02123     1.445
   499/499     1.47G   0.04883   0.04632    0.1562    0.2514         1       416    0.8929    0.2579     0.293    0.1601    0.0542   0.02122     1.447
