     0/499     1.21G   0.08836   0.05041         0    0.1388        33       416         0         0  0.003061 0.0004993   0.08974   0.02642         0
     1/499     1.44G   0.07886   0.05266         0    0.1315        44       416    0.1756   0.01034   0.04203  0.008011   0.08512   0.02486         0
     2/499     1.44G   0.06768   0.05183         0    0.1195        41       416    0.1951    0.2636    0.1512    0.0672   0.08216    0.0257         0
     3/499     1.44G   0.06262    0.0502         0    0.1128        29       416    0.3772    0.3437    0.2349    0.1099   0.07559   0.02441         0
     4/499     1.44G   0.05835    0.0488         0    0.1071        34       416    0.3868    0.4264    0.4069    0.2039   0.06829   0.02386         0
     5/499     1.44G   0.05587   0.04746         0    0.1033        36       416    0.4348    0.5375    0.5149    0.2784   0.06338   0.02259         0
     6/499     1.44G   0.05408   0.04687         0     0.101        35       416    0.4144    0.5917    0.5571    0.3049   0.06194   0.02146         0
     7/499     1.44G   0.05336   0.04584         0    0.0992        37       416    0.5399    0.6072    0.5826    0.3075   0.05876   0.02179         0
     8/499     1.44G   0.05219    0.0454         0   0.09759        31       416    0.4116    0.6615    0.6098    0.3365   0.05707   0.02192         0
     9/499     1.44G   0.05114   0.04523         0   0.09637        32       416    0.4332    0.6641    0.6212    0.3191    0.0563   0.02208         0
    10/499     1.44G   0.05076   0.04423         0   0.09498        34       416    0.4125    0.6848    0.6455     0.374   0.05551   0.02079         0
    11/499     1.44G   0.05007   0.04388         0   0.09395        36       416    0.5263    0.6589    0.6464     0.355   0.05398   0.02095         0
    12/499     1.44G   0.04942   0.04356         0   0.09298        26       416    0.4801    0.7028    0.6637    0.3488   0.05496   0.02104         0
    13/499     1.44G   0.04884   0.04347         0   0.09231        28       416    0.5242    0.6661    0.6611    0.3882    0.0535   0.01968         0
    14/499     1.44G   0.04815   0.04301         0   0.09117        36       416    0.5128    0.7054     0.683    0.4095   0.05294    0.0197         0
    15/499     1.44G   0.04763   0.04212         0   0.08975        35       416    0.5294    0.7416     0.715    0.3902   0.05136   0.02066         0
    16/499     1.44G   0.04766   0.04204         0    0.0897        32       416    0.5583    0.7235    0.7316    0.4149   0.05144   0.01932         0
    17/499     1.44G   0.04619   0.04192         0    0.0881        33       416    0.5256    0.6951    0.6975    0.4074   0.05016   0.01946         0
    18/499     1.44G    0.0465   0.04201         0   0.08851        25       416    0.5545     0.739    0.7335    0.4139   0.04886   0.01945         0
    19/499     1.44G   0.04628   0.04184         0   0.08812        39       416    0.4986    0.7519    0.7415    0.4402   0.04912   0.01886         0
    20/499     1.44G   0.04598   0.04085         0   0.08684        27       416    0.4554    0.7804    0.7441    0.4199   0.04785   0.01944         0
    21/499     1.44G   0.04547   0.04127         0   0.08673        28       416    0.5026    0.7649    0.7423    0.4471   0.04846   0.01858         0
    22/499     1.44G   0.04499   0.04112         0   0.08611        42       416    0.5884    0.7597    0.7667    0.4646   0.04697   0.01834         0
    23/499     1.44G    0.0447   0.04068         0   0.08538        43       416    0.5527    0.7759    0.7629    0.4419   0.04771   0.01881         0
    24/499     1.44G   0.04444   0.04076         0    0.0852        36       416    0.5441    0.7829    0.7581    0.4479   0.04572   0.01906         0
    25/499     1.44G   0.04408   0.04036         0   0.08444        40       416    0.5621    0.7933    0.7798    0.4547   0.04614   0.01839         0
    26/499     1.44G    0.0437    0.0399         0    0.0836        30       416     0.501    0.8062     0.777    0.4558   0.04566   0.01844         0
    27/499     1.44G   0.04341    0.0395         0    0.0829        37       416    0.5336    0.7829    0.7733    0.4618   0.04611   0.01825         0
    28/499     1.44G   0.04344   0.04015         0   0.08359        41       416    0.5417    0.8062    0.7876    0.4482   0.04557   0.01848         0
    29/499     1.44G   0.04295   0.03888         0   0.08183        33       416     0.579    0.7959    0.7889    0.4595    0.0454   0.01787         0
    30/499     1.44G   0.04296   0.03922         0   0.08217        30       416    0.5567      0.77    0.7644    0.4487   0.04575    0.0181         0
    31/499     1.44G   0.04277   0.03943         0    0.0822        30       416    0.5328     0.801    0.7824    0.4776   0.04405   0.01794         0
    32/499     1.44G    0.0424   0.03938         0   0.08178        37       416    0.5666    0.7855     0.787    0.4595   0.04617   0.01815         0
    33/499     1.44G   0.04233   0.03927         0    0.0816        34       416    0.5586    0.8191    0.8037    0.4899    0.0438   0.01749         0
    34/499     1.44G   0.04199   0.03902         0   0.08101        31       416    0.5636     0.801    0.7982    0.4791   0.04391    0.0174         0
    35/499     1.44G   0.04143    0.0385         0   0.07993        27       416    0.5851    0.8269    0.8129    0.4864   0.04301   0.01748         0
    36/499     1.44G    0.0416   0.03847         0   0.08007        28       416    0.5836    0.8062     0.808    0.4916   0.04295   0.01736         0
    37/499     1.44G   0.04098    0.0383         0   0.07928        39       416    0.5567    0.8165    0.8096    0.4856   0.04511   0.01706         0
    38/499     1.44G    0.0413   0.03766         0   0.07896        38       416    0.5773    0.8114    0.8087    0.4891    0.0437   0.01713         0
    39/499     1.44G   0.04135    0.0382         0   0.07955        34       416    0.6005    0.8217    0.8148    0.4899   0.04285   0.01711         0
    40/499     1.44G   0.04037   0.03815         0   0.07853        35       416     0.606    0.7984    0.8018    0.4923   0.04387   0.01681         0
    41/499     1.44G   0.04092   0.03817         0   0.07909        32       416    0.5873    0.8295     0.821    0.5006   0.04271   0.01694         0
    42/499     1.44G   0.04046   0.03742         0   0.07788        27       416    0.6102    0.8165    0.8296    0.5071   0.04231   0.01697         0
    43/499     1.44G   0.04022   0.03755         0   0.07777        32       416    0.6226    0.8165    0.8289    0.5048   0.04264    0.0169         0
    44/499     1.44G   0.03998   0.03794         0   0.07792        33       416    0.6537    0.8114    0.8242     0.496   0.04287   0.01679         0
    45/499     1.44G   0.03998   0.03769         0   0.07768        31       416    0.6212     0.814    0.8272    0.5097   0.04266   0.01661         0
    46/499     1.44G   0.03969   0.03683         0   0.07652        44       416    0.6213    0.8269    0.8315    0.5208   0.04166   0.01653         0
    47/499     1.44G    0.0397   0.03723         0   0.07693        20       416    0.6126    0.8191    0.8323    0.5089   0.04236   0.01664         0
    48/499     1.44G   0.03972   0.03693         0   0.07664        31       416    0.6324    0.8424    0.8471    0.5183   0.04142   0.01646         0
    49/499     1.44G   0.03921   0.03681         0   0.07602        35       416    0.6608    0.8295     0.837    0.5103   0.04144   0.01644         0
    50/499     1.44G   0.03914   0.03638         0   0.07552        27       416    0.6297    0.8062    0.8249    0.5012   0.04329    0.0165         0
    51/499     1.44G    0.0397   0.03725         0   0.07694        29       416    0.6235    0.8062    0.8308    0.5087   0.04223   0.01633         0
    52/499     1.44G   0.03952   0.03683         0   0.07635        31       416    0.6344    0.8243    0.8367    0.5135   0.04165   0.01645         0
    53/499     1.44G   0.03886   0.03668         0   0.07554        40       416    0.6234     0.832    0.8393    0.5181   0.04121   0.01635         0
    54/499     1.44G   0.03877   0.03635         0   0.07512        42       416    0.6297    0.8295    0.8458     0.524   0.04111   0.01621         0
    55/499     1.44G   0.03855    0.0362         0   0.07475        33       416    0.6663    0.8243    0.8396    0.5076   0.04243   0.01628         0
    56/499     1.44G   0.03849    0.0364         0    0.0749        31       416    0.6523    0.8295    0.8438    0.5179   0.04181   0.01635         0
    57/499     1.44G   0.03835   0.03633         0   0.07468        33       416    0.6225    0.8346     0.843    0.5267   0.04142   0.01617         0
    58/499     1.44G   0.03859   0.03682         0   0.07541        35       416    0.6619    0.8297    0.8495    0.5287   0.04131   0.01601         0
    59/499     1.44G    0.0382    0.0362         0    0.0744        35       416    0.6625    0.8372    0.8452    0.5224   0.04087   0.01603         0
    60/499     1.44G   0.03817   0.03601         0   0.07418        29       416    0.6588    0.8269    0.8451     0.541   0.04088   0.01593         0
    61/499     1.44G   0.03817   0.03621         0   0.07438        31       416    0.6591     0.832    0.8438    0.5341   0.04036   0.01589         0
    62/499     1.44G    0.0376   0.03574         0   0.07334        38       416    0.6707    0.8398    0.8519    0.5347   0.04049   0.01578         0
    63/499     1.44G   0.03785   0.03607         0   0.07392        35       416    0.6752     0.845     0.858    0.5343   0.04041   0.01579         0
    64/499     1.44G   0.03792   0.03567         0   0.07359        32       416    0.6574     0.832     0.854     0.535   0.04036   0.01592         0
    65/499     1.44G   0.03775   0.03552         0   0.07326        31       416    0.6665     0.832    0.8518    0.5392   0.04023   0.01595         0
    66/499     1.44G    0.0375   0.03537         0   0.07287        35       416    0.6642    0.8243    0.8459    0.5384   0.04055   0.01579         0
    67/499     1.44G   0.03762   0.03582         0   0.07344        25       416    0.6761     0.832    0.8496     0.538   0.04021   0.01574         0
    68/499     1.44G   0.03707   0.03525         0   0.07232        29       416    0.6791     0.845    0.8529    0.5393   0.04038   0.01568         0
    69/499     1.44G   0.03702   0.03527         0   0.07229        37       416    0.6777    0.8346    0.8494    0.5434   0.04022   0.01568         0
    70/499     1.44G   0.03725   0.03529         0   0.07254        33       416     0.676     0.832    0.8511    0.5421   0.04024   0.01557         0
    71/499     1.44G   0.03689     0.035         0   0.07189        25       416    0.6747    0.8398    0.8504    0.5411   0.04023   0.01555         0
    72/499     1.44G   0.03724   0.03489         0   0.07213        43       416    0.6568    0.8424    0.8532    0.5416   0.03972   0.01549         0
    73/499     1.44G   0.03683   0.03517         0     0.072        38       416    0.6671     0.845    0.8559    0.5442   0.03937   0.01542         0
    74/499     1.44G   0.03716   0.03511         0   0.07228        39       416    0.6699    0.8527    0.8605    0.5446   0.03913   0.01538         0
    75/499     1.44G   0.03672   0.03522         0   0.07194        52       416    0.6708    0.8553    0.8592    0.5466   0.03905   0.01536         0
    76/499     1.44G   0.03674   0.03507         0   0.07181        32       416    0.6621    0.8424    0.8521    0.5472   0.03919   0.01542         0
    77/499     1.44G   0.03665   0.03533         0   0.07197        41       416    0.6677    0.8372    0.8563     0.546   0.03949   0.01545         0
    78/499     1.44G   0.03645   0.03465         0    0.0711        37       416      0.67    0.8398    0.8586    0.5479   0.03958   0.01549         0
    79/499     1.44G   0.03631   0.03462         0   0.07093        43       416    0.6852     0.845    0.8604    0.5471   0.03961   0.01547         0
    80/499     1.44G   0.03629   0.03441         0    0.0707        29       416    0.6748    0.8553    0.8633    0.5438   0.03955   0.01544         0
    81/499     1.44G   0.03608   0.03468         0   0.07076        26       416    0.6796    0.8475    0.8576    0.5473   0.03948   0.01538         0
    82/499     1.44G   0.03627   0.03478         0   0.07105        36       416    0.6779    0.8527    0.8582    0.5497   0.03913   0.01537         0
    83/499     1.44G   0.03607    0.0349         0   0.07097        40       416    0.6769    0.8552     0.858    0.5534   0.03895   0.01529         0
    84/499     1.44G   0.03592   0.03455         0   0.07047        27       416    0.6692    0.8501    0.8609    0.5568    0.0388   0.01517         0
    85/499     1.44G    0.0361   0.03447         0   0.07057        33       416     0.675    0.8553    0.8627    0.5593   0.03868    0.0151         0
    86/499     1.44G   0.03571   0.03427         0   0.06998        27       416    0.6664    0.8516    0.8665    0.5596   0.03865   0.01504         0
    87/499     1.44G   0.03565   0.03408         0   0.06972        37       416    0.6675    0.8605    0.8649    0.5622   0.03857   0.01497         0
    88/499     1.44G   0.03578   0.03445         0   0.07023        39       416    0.6878     0.863    0.8664     0.563   0.03856   0.01491         0
    89/499     1.44G   0.03555   0.03442         0   0.06998        42       416    0.6919    0.8605    0.8683    0.5639   0.03858   0.01486         0
    90/499     1.44G   0.03541   0.03408         0   0.06949        31       416    0.6886    0.8553    0.8675    0.5631   0.03865   0.01484         0
    91/499     1.44G   0.03541   0.03397         0   0.06938        30       416    0.6873    0.8553    0.8683    0.5627   0.03864   0.01483         0
    92/499     1.44G    0.0353   0.03433         0   0.06963        39       416    0.6906    0.8605    0.8734     0.562   0.03853    0.0148         0
    93/499     1.44G   0.03541   0.03397         0   0.06938        27       416    0.6826    0.8605    0.8754    0.5646   0.03838   0.01478         0
    94/499     1.44G   0.03528   0.03394         0   0.06922        33       416     0.689    0.8579    0.8717    0.5657   0.03829   0.01476         0
    95/499     1.44G   0.03518   0.03418         0   0.06936        42       416    0.6939     0.863    0.8725    0.5713   0.03821   0.01474         0
    96/499     1.44G   0.03517   0.03371         0   0.06887        38       416    0.6954    0.8614    0.8721     0.573   0.03818   0.01471         0
    97/499     1.44G   0.03458   0.03386         0   0.06844        35       416    0.7023     0.863    0.8725    0.5736   0.03814   0.01471         0
    98/499     1.44G   0.03453   0.03369         0   0.06822        31       416    0.7011    0.8605    0.8761    0.5741   0.03811   0.01469         0
    99/499     1.44G   0.03482   0.03367         0   0.06849        34       416    0.7022    0.8656    0.8788    0.5755   0.03806   0.01469         0
   100/499     1.44G    0.0346   0.03392         0   0.06853        28       416    0.7037    0.8656     0.879    0.5753   0.03802    0.0147         0
   101/499     1.44G   0.03486   0.03359         0   0.06846        35       416    0.7045    0.8656    0.8794    0.5746   0.03801    0.0147         0
   102/499     1.44G   0.03478   0.03363         0   0.06841        40       416    0.7015     0.863    0.8771    0.5748   0.03797   0.01469         0
   103/499     1.44G   0.03451   0.03353         0   0.06804        31       416    0.6947    0.8644     0.877    0.5729   0.03798   0.01468         0
   104/499     1.44G   0.03453   0.03327         0    0.0678        37       416    0.6953    0.8656    0.8768    0.5747   0.03794   0.01466         0
   105/499     1.44G   0.03452   0.03309         0   0.06761        32       416     0.694    0.8614    0.8765    0.5745    0.0379   0.01466         0
   106/499     1.44G   0.03461   0.03311         0   0.06772        32       416    0.6964    0.8605    0.8773     0.575   0.03788   0.01466         0
   107/499     1.44G   0.03435   0.03358         0   0.06792        40       416    0.6964    0.8654    0.8791     0.575   0.03788   0.01466         0
   108/499     1.44G   0.03424   0.03296         0   0.06721        31       416    0.6955     0.863    0.8793     0.575   0.03786   0.01467         0
   109/499     1.44G   0.03432   0.03366         0   0.06798        30       416    0.6891    0.8592    0.8766    0.5767   0.03785   0.01467         0
   110/499     1.44G   0.03384   0.03342         0   0.06725        36       416    0.6912    0.8579    0.8733    0.5766   0.03784   0.01466         0
   111/499     1.44G   0.03433   0.03355         0   0.06788        32       416    0.6912     0.863    0.8754    0.5763   0.03781   0.01466         0
   112/499     1.44G   0.03416   0.03372         0   0.06788        44       416    0.6896    0.8579    0.8734    0.5763   0.03779   0.01464         0
   113/499     1.44G   0.03386   0.03285         0   0.06671        33       416    0.6911    0.8613     0.874     0.577   0.03777   0.01463         0
   114/499     1.44G   0.03386   0.03311         0   0.06697        32       416    0.6938    0.8656    0.8764    0.5771   0.03772   0.01463         0
   115/499     1.44G   0.03368   0.03291         0    0.0666        36       416    0.6958    0.8656    0.8759    0.5774   0.03768   0.01461         0
   116/499     1.44G   0.03377   0.03286         0   0.06664        33       416    0.6994    0.8716    0.8782    0.5797   0.03766   0.01461         0
   117/499     1.44G   0.03371   0.03288         0   0.06658        29       416    0.6978    0.8734    0.8786    0.5798   0.03766    0.0146         0
   118/499     1.44G   0.03357   0.03249         0   0.06606        37       416    0.6966    0.8734    0.8764    0.5779   0.03766   0.01459         0
   119/499     1.44G   0.03356     0.033         0   0.06655        29       416     0.701     0.876    0.8785    0.5808   0.03764   0.01458         0
   120/499     1.44G    0.0338   0.03265         0   0.06645        25       416    0.7002     0.876     0.878     0.581   0.03762   0.01458         0
   121/499     1.44G   0.03374   0.03244         0   0.06618        31       416    0.7013     0.876    0.8791    0.5812    0.0376   0.01457         0
   122/499     1.44G   0.03375   0.03294         0   0.06669        28       416    0.6976    0.8734    0.8773    0.5811   0.03759   0.01457         0
   123/499     1.44G   0.03317   0.03275         0   0.06592        41       416    0.6961     0.876    0.8804    0.5816   0.03756   0.01457         0
   124/499     1.44G   0.03337   0.03221         0   0.06558        41       416    0.6998     0.876    0.8803    0.5813   0.03756   0.01456         0
   125/499     1.44G   0.03353   0.03281         0   0.06633        38       416    0.7024     0.876    0.8797    0.5809   0.03755   0.01456         0
   126/499     1.44G   0.03355   0.03268         0   0.06623        33       416    0.7017     0.876      0.88    0.5805   0.03755   0.01455         0
   127/499     1.44G    0.0332    0.0324         0    0.0656        39       416    0.6992    0.8711    0.8802    0.5793   0.03755   0.01454         0
   128/499     1.44G   0.03372   0.03288         0    0.0666        29       416    0.6984    0.8734    0.8801    0.5807   0.03754   0.01453         0
   129/499     1.44G   0.03304   0.03198         0   0.06502        29       416    0.7006    0.8734    0.8795    0.5809   0.03754   0.01452         0
   130/499     1.44G   0.03326   0.03253         0   0.06578        28       416     0.701    0.8734      0.88    0.5811   0.03753   0.01452         0
   131/499     1.44G   0.03282   0.03221         0   0.06503        31       416    0.7037    0.8734    0.8807    0.5826   0.03751    0.0145         0
   132/499     1.44G   0.03302   0.03235         0   0.06537        27       416    0.7038    0.8734    0.8821    0.5832    0.0375   0.01449         0
   133/499     1.44G   0.03317   0.03269         0   0.06586        38       416    0.7041    0.8734    0.8814    0.5827    0.0375   0.01448         0
   134/499     1.44G     0.033   0.03228         0   0.06528        29       416    0.7026    0.8728    0.8811    0.5829   0.03749   0.01448         0
   135/499     1.44G   0.03255   0.03201         0   0.06456        35       416    0.6984    0.8708    0.8812    0.5833   0.03749   0.01447         0
   136/499     1.44G   0.03286   0.03222         0   0.06508        43       416     0.697    0.8708    0.8813    0.5831    0.0375   0.01446         0
   137/499     1.44G   0.03293   0.03272         0   0.06564        27       416    0.6977    0.8708    0.8816    0.5851    0.0375   0.01446         0
   138/499     1.44G     0.033   0.03235         0   0.06534        27       416    0.7008    0.8708    0.8817    0.5852    0.0375   0.01445         0
   139/499     1.44G   0.03261   0.03225         0   0.06486        29       416    0.7025    0.8708    0.8817    0.5852   0.03751   0.01445         0
   140/499     1.44G   0.03256     0.032         0   0.06455        37       416    0.7045    0.8708    0.8808    0.5842   0.03752   0.01445         0
   141/499     1.44G   0.03262   0.03187         0    0.0645        28       416    0.7084    0.8708    0.8814    0.5835   0.03752   0.01444         0
   142/499     1.44G   0.03251    0.0321         0    0.0646        32       416    0.7087    0.8708    0.8817    0.5838   0.03751   0.01443         0
   143/499     1.44G    0.0326   0.03191         0   0.06451        30       416    0.7117    0.8708    0.8822    0.5842    0.0375   0.01443         0
   144/499     1.44G   0.03216   0.03168         0   0.06384        42       416    0.7157    0.8708    0.8829    0.5832   0.03747   0.01442         0
   145/499     1.44G   0.03251   0.03233         0   0.06483        31       416    0.7186    0.8708    0.8831    0.5823   0.03745   0.01441         0
   146/499     1.44G   0.03232    0.0318         0   0.06412        26       416    0.7159    0.8708    0.8829    0.5833   0.03742   0.01441         0
   147/499     1.44G   0.03242   0.03193         0   0.06435        28       416    0.7145    0.8708     0.883    0.5843   0.03738    0.0144         0
   148/499     1.44G    0.0322   0.03224         0   0.06444        33       416    0.7139    0.8708    0.8833    0.5834   0.03737   0.01439         0
   149/499     1.44G   0.03234   0.03168         0   0.06402        32       416     0.721    0.8708    0.8835    0.5845   0.03733   0.01438         0
   150/499     1.44G   0.03205   0.03165         0    0.0637        42       416    0.7219    0.8708    0.8833    0.5854    0.0373   0.01437         0
   151/499     1.44G   0.03205   0.03141         0   0.06346        38       416    0.7196    0.8708    0.8838    0.5853   0.03727   0.01436         0
   152/499     1.44G   0.03204   0.03189         0   0.06392        39       416    0.7201    0.8708    0.8839     0.584   0.03725   0.01435         0
   153/499     1.44G   0.03179   0.03184         0   0.06363        35       416    0.7203    0.8708    0.8842    0.5853   0.03723   0.01433         0
   154/499     1.44G   0.03179   0.03147         0   0.06326        33       416    0.7221    0.8708    0.8845    0.5864    0.0372   0.01433         0
   155/499     1.44G   0.03164   0.03139         0   0.06303        33       416    0.7189    0.8682    0.8835    0.5878   0.03717   0.01432         0
   156/499     1.44G   0.03199   0.03185         0   0.06384        42       416    0.7223    0.8708    0.8849    0.5871   0.03715   0.01431         0
   157/499     1.44G   0.03188   0.03149         0   0.06337        34       416    0.7213    0.8682    0.8851    0.5868   0.03712   0.01431         0
   158/499     1.44G   0.03207   0.03147         0   0.06353        26       416    0.7208    0.8673    0.8845    0.5845    0.0371    0.0143         0
   159/499     1.44G   0.03197   0.03166         0   0.06363        32       416    0.7177    0.8656    0.8833     0.585   0.03708   0.01429         0
   160/499     1.44G   0.03167   0.03159         0   0.06327        43       416    0.7183    0.8682    0.8846    0.5856   0.03705   0.01429         0
   161/499     1.44G   0.03165   0.03141         0   0.06306        37       416     0.723     0.863    0.8834    0.5859   0.03705   0.01428         0
   162/499     1.44G   0.03171   0.03132         0   0.06303        29       416    0.7196    0.8605     0.881    0.5877   0.03705   0.01427         0
   163/499     1.44G    0.0317   0.03152         0   0.06323        43       416    0.7268     0.863     0.882    0.5869   0.03704   0.01427         0
   164/499     1.44G   0.03184   0.03163         0   0.06347        32       416    0.7223     0.863    0.8829    0.5872   0.03702   0.01426         0
   165/499     1.44G   0.03158   0.03135         0   0.06293        32       416    0.7181     0.863    0.8827    0.5881   0.03701   0.01425         0
   166/499     1.44G   0.03161   0.03142         0   0.06303        38       416      0.72     0.863    0.8828    0.5885   0.03698   0.01424         0
   167/499     1.44G   0.03182   0.03128         0    0.0631        29       416    0.7226     0.863     0.885    0.5884   0.03697   0.01423         0
   168/499     1.44G   0.03152   0.03111         0   0.06263        34       416    0.7237    0.8656    0.8866     0.587   0.03692   0.01422         0
   169/499     1.44G   0.03132   0.03127         0   0.06259        36       416    0.7202    0.8656    0.8847    0.5872   0.03689   0.01422         0
   170/499     1.44G   0.03154   0.03107         0   0.06261        28       416    0.7185    0.8656    0.8848    0.5882   0.03686   0.01421         0
   171/499     1.44G   0.03129   0.03087         0   0.06216        32       416    0.7173    0.8656    0.8867      0.59   0.03684    0.0142         0
   172/499     1.44G    0.0314   0.03097         0   0.06236        36       416    0.7158    0.8656    0.8861    0.5899   0.03683   0.01418         0
   173/499     1.44G   0.03119   0.03136         0   0.06255        31       416    0.7143    0.8656    0.8863     0.591   0.03681   0.01418         0
   174/499     1.44G   0.03136   0.03077         0   0.06213        31       416    0.7138    0.8656    0.8861     0.589   0.03679   0.01417         0
   175/499     1.44G   0.03106   0.03077         0   0.06184        29       416    0.7112    0.8656    0.8858    0.5896   0.03678   0.01417         0
   176/499     1.44G   0.03116   0.03088         0   0.06204        35       416     0.714    0.8708    0.8862    0.5914   0.03678   0.01416         0
   177/499     1.44G   0.03107   0.03091         0   0.06198        28       416    0.7133    0.8708    0.8865    0.5926   0.03677   0.01416         0
   178/499     1.44G   0.03102    0.0311         0   0.06212        30       416     0.715    0.8708    0.8878    0.5913   0.03676   0.01415         0
   179/499     1.44G   0.03095   0.03086         0   0.06181        34       416    0.7149    0.8708    0.8865    0.5932   0.03675   0.01416         0
   180/499     1.44G   0.03095   0.03114         0   0.06209        38       416    0.7179    0.8708    0.8865     0.593   0.03674   0.01416         0
   181/499     1.44G   0.03108   0.03098         0   0.06206        29       416    0.7237    0.8682    0.8855    0.5929   0.03672   0.01415         0
   182/499     1.44G   0.03106   0.03077         0   0.06184        37       416    0.7248    0.8682     0.886    0.5929    0.0367   0.01415         0
   183/499     1.44G   0.03105   0.03054         0   0.06159        35       416    0.7284    0.8682    0.8862    0.5927   0.03667   0.01414         0
   184/499     1.44G   0.03071   0.03057         0   0.06128        34       416    0.7272    0.8682    0.8863    0.5943   0.03667   0.01413         0
   185/499     1.44G   0.03079   0.03082         0   0.06161        36       416    0.7329    0.8682     0.887    0.5952   0.03666   0.01412         0
   186/499     1.44G   0.03055   0.03056         0   0.06111        31       416    0.7368    0.8734     0.891    0.5941   0.03665   0.01411         0
   187/499     1.44G   0.03073   0.03069         0   0.06142        33       416    0.7338    0.8708    0.8872    0.5948   0.03665   0.01411         0
   188/499     1.44G   0.03063   0.03054         0   0.06118        28       416    0.7361    0.8734    0.8907    0.5946   0.03664    0.0141         0
   189/499     1.44G   0.03073   0.03064         0   0.06137        34       416    0.7318    0.8708     0.887    0.5957   0.03664    0.0141         0
   190/499     1.44G   0.03058   0.03081         0   0.06139        23       416    0.7356    0.8708    0.8894    0.5947   0.03661   0.01408         0
   191/499     1.44G   0.03072   0.03037         0   0.06109        31       416    0.7395    0.8734    0.8887    0.5966    0.0366   0.01408         0
   192/499     1.44G    0.0306   0.03058         0   0.06118        42       416    0.7405    0.8734    0.8885    0.5979   0.03659   0.01407         0
   193/499     1.44G   0.03042   0.03056         0   0.06099        35       416    0.7414    0.8734    0.8882    0.5985   0.03659   0.01407         0
   194/499     1.44G   0.03033   0.03063         0   0.06097        46       416    0.7375    0.8712    0.8882    0.5981   0.03658   0.01407         0
   195/499     1.44G   0.03011   0.03046         0   0.06056        32       416    0.7379    0.8708    0.8884     0.598   0.03656   0.01406         0
   196/499     1.44G   0.03029   0.03028         0   0.06057        30       416    0.7368    0.8708    0.8878    0.5968   0.03655   0.01406         0
   197/499     1.44G   0.03043   0.03049         0   0.06091        32       416    0.7357    0.8704    0.8876     0.597   0.03655   0.01406         0
   198/499     1.44G   0.03034      0.03         0   0.06034        41       416    0.7377    0.8682    0.8891    0.5978   0.03655   0.01406         0
   199/499     1.44G   0.03046   0.03042         0   0.06087        34       416    0.7374    0.8682    0.8911    0.5977   0.03653   0.01406         0
   200/499     1.44G   0.03061   0.03011         0   0.06071        36       416    0.7387    0.8708    0.8913    0.5972   0.03651   0.01406         0
   201/499     1.44G   0.02992   0.03007         0   0.05999        31       416     0.735    0.8708    0.8912    0.5961   0.03651   0.01406         0
   202/499     1.44G   0.03015   0.03024         0   0.06039        34       416    0.7359    0.8708    0.8911     0.596   0.03651   0.01405         0
   203/499     1.44G   0.03006   0.03002         0   0.06008        33       416    0.7368    0.8734    0.8915    0.5958    0.0365   0.01405         0
   204/499     1.44G   0.03006   0.03026         0   0.06032        33       416    0.7335     0.876    0.8917    0.5967    0.0365   0.01404         0
   205/499     1.44G   0.02993   0.02998         0   0.05992        27       416    0.7352     0.876    0.8917    0.5974    0.0365   0.01404         0
   206/499     1.44G   0.02997   0.03028         0   0.06025        33       416    0.7372    0.8786    0.8952    0.5983   0.03649   0.01402         0
   207/499     1.44G   0.02994    0.0299         0   0.05984        28       416    0.7368    0.8786    0.8931       0.6   0.03647   0.01402         0
   208/499     1.44G   0.02976   0.02997         0   0.05973        34       416    0.7386    0.8786    0.8956    0.6001   0.03646   0.01402         0
   209/499     1.44G   0.02993   0.03038         0   0.06031        37       416    0.7404    0.8811    0.8951    0.5995   0.03646   0.01401         0
   210/499     1.44G   0.03023   0.03004         0   0.06027        28       416    0.7374    0.8811    0.8952    0.5991   0.03645   0.01401         0
   211/499     1.44G   0.02986   0.03009         0   0.05995        32       416    0.7391    0.8811    0.8953    0.5998   0.03644   0.01401         0
   212/499     1.44G   0.02978   0.02974         0   0.05952        34       416    0.7372    0.8811    0.8953    0.5999   0.03643     0.014         0
   213/499     1.44G   0.02964   0.02999         0   0.05963        34       416    0.7381    0.8811    0.8955    0.5994   0.03642     0.014         0
   214/499     1.44G   0.02959   0.03004         0   0.05963        40       416    0.7369    0.8811    0.8948    0.6016   0.03642   0.01399         0
   215/499     1.44G   0.02966   0.02972         0   0.05939        37       416    0.7394    0.8811    0.8951    0.6013   0.03641   0.01399         0
   216/499     1.44G   0.02995   0.02997         0   0.05991        34       416    0.7403    0.8811    0.8959    0.6016    0.0364   0.01399         0
   217/499     1.44G   0.02967   0.02985         0   0.05952        37       416    0.7403    0.8811    0.8959    0.6024    0.0364   0.01399         0
   218/499     1.44G   0.02948   0.02977         0   0.05925        28       416    0.7418    0.8837    0.8962    0.6019    0.0364   0.01397         0
   219/499     1.44G   0.02951   0.02954         0   0.05905        35       416    0.7448    0.8811    0.8963    0.6009    0.0364   0.01397         0
   220/499     1.44G   0.02959   0.03001         0   0.05961        46       416    0.7457    0.8811    0.8954    0.6012   0.03638   0.01396         0
   221/499     1.44G   0.02948   0.02956         0   0.05904        30       416     0.746    0.8786    0.8942    0.6017   0.03638   0.01396         0
   222/499     1.44G   0.02938   0.02944         0   0.05883        39       416    0.7437    0.8786     0.894    0.6022   0.03637   0.01395         0
   223/499     1.44G   0.02917   0.02921         0   0.05837        31       416    0.7388    0.8786     0.894    0.6014   0.03637   0.01394         0
   224/499     1.44G   0.02941   0.02935         0   0.05875        27       416    0.7414    0.8786     0.894    0.6015   0.03635   0.01393         0
   225/499     1.44G   0.02965   0.02934         0   0.05898        35       416    0.7445    0.8837    0.8947    0.6012   0.03633   0.01393         0
   226/499     1.44G   0.02962   0.02962         0   0.05924        38       416     0.745    0.8837    0.8948     0.602    0.0363   0.01392         0
   227/499     1.44G   0.02936   0.02959         0   0.05894        34       416    0.7446    0.8837    0.8951    0.6028   0.03629    0.0139         0
   228/499     1.44G   0.02904   0.02912         0   0.05816        36       416    0.7455    0.8863    0.8971    0.6034   0.03629   0.01391         0
   229/499     1.44G     0.029   0.02933         0   0.05833        35       416    0.7418    0.8863    0.8968     0.604    0.0363    0.0139         0
   230/499     1.44G   0.02913   0.02946         0   0.05859        29       416    0.7413    0.8863    0.8972    0.6031   0.03629   0.01389         0
   231/499     1.44G   0.02895   0.02954         0   0.05848        35       416    0.7416    0.8889    0.8975    0.6037   0.03629   0.01389         0
   232/499     1.44G   0.02913   0.02907         0    0.0582        33       416    0.7413    0.8863    0.8966    0.6037   0.03626   0.01388         0
   233/499     1.44G   0.02919    0.0297         0   0.05889        40       416    0.7411    0.8863    0.8957    0.6022   0.03626   0.01388         0
   234/499     1.44G   0.02929   0.02919         0   0.05848        29       416    0.7439    0.8858    0.8969    0.6022   0.03626   0.01387         0
   235/499     1.44G   0.02904   0.02933         0   0.05837        39       416     0.746    0.8889    0.8997    0.6019   0.03626   0.01387         0
   236/499     1.44G   0.02893   0.02908         0   0.05802        33       416    0.7487    0.8889    0.8999    0.6012   0.03625   0.01387         0
   237/499     1.44G   0.02896   0.02908         0   0.05803        31       416    0.7477    0.8889    0.9001       0.6   0.03625   0.01387         0
   238/499     1.44G   0.02916   0.02902         0   0.05819        32       416    0.7492    0.8889    0.9004    0.6014   0.03626   0.01386         0
   239/499     1.44G   0.02919   0.02921         0    0.0584        36       416    0.7492    0.8889    0.9006    0.6019   0.03627   0.01386         0
   240/499     1.44G   0.02884   0.02888         0   0.05772        34       416    0.7505    0.8889    0.9016     0.602   0.03627   0.01387         0
   241/499     1.44G   0.02903   0.02922         0   0.05825        31       416    0.7492    0.8877    0.8997    0.6019   0.03627   0.01387         0
   242/499     1.44G   0.02897   0.02901         0   0.05798        31       416    0.7507    0.8871    0.9003    0.6021   0.03627   0.01386         0
   243/499     1.44G   0.02874   0.02899         0   0.05773        32       416    0.7507    0.8871    0.8993    0.6018   0.03626   0.01386         0
   244/499     1.44G   0.02849   0.02891         0    0.0574        27       416    0.7506    0.8863    0.9018    0.6012   0.03625   0.01385         0
   245/499     1.44G   0.02876   0.02894         0    0.0577        35       416    0.7474    0.8869    0.8985     0.602   0.03624   0.01385         0
   246/499     1.44G   0.02842   0.02892         0   0.05734        27       416     0.751    0.8885    0.9026    0.6028   0.03622   0.01384         0
   247/499     1.44G   0.02854   0.02868         0   0.05722        33       416    0.7511    0.8915    0.9028     0.603    0.0362   0.01383         0
   248/499     1.44G   0.02857   0.02891         0   0.05748        41       416    0.7545    0.8863    0.9028    0.6026   0.03618   0.01384         0
   249/499     1.44G   0.02834   0.02921         0   0.05755        36       416    0.7504    0.8837    0.9022    0.6033   0.03616   0.01384         0
   250/499     1.44G   0.02823   0.02858         0   0.05681        38       416    0.7526    0.8863    0.9052    0.6022   0.03615   0.01383         0
   251/499     1.44G   0.02836   0.02866         0   0.05702        33       416    0.7525    0.8879    0.9048    0.6024   0.03613   0.01383         0
   252/499     1.44G   0.02829   0.02863         0   0.05692        34       416    0.7528    0.8889    0.9051    0.6025   0.03613   0.01382         0
   253/499     1.44G    0.0285   0.02878         0   0.05728        34       416    0.7541    0.8889    0.9055    0.6035   0.03613   0.01382         0
   254/499     1.44G    0.0281    0.0286         0   0.05671        33       416    0.7564    0.8906    0.9056    0.6041   0.03612   0.01382         0
   255/499     1.44G   0.02868   0.02885         0   0.05752        31       416    0.7537    0.8854    0.9034     0.604   0.03612   0.01382         0
   256/499     1.44G   0.02831   0.02865         0   0.05696        36       416    0.7504    0.8837    0.9035    0.6036   0.03612   0.01382         0
   257/499     1.44G   0.02821   0.02833         0   0.05654        32       416    0.7544    0.8837    0.9035    0.6031   0.03612   0.01382         0
   258/499     1.44G   0.02822   0.02836         0   0.05658        44       416    0.7551    0.8837    0.9032    0.6034   0.03612   0.01382         0
   259/499     1.44G   0.02835   0.02876         0   0.05711        27       416    0.7577    0.8837    0.9033    0.6035   0.03612   0.01382         0
   260/499     1.44G   0.02827   0.02841         0   0.05668        33       416    0.7561    0.8786    0.9014    0.6044   0.03613   0.01382         0
   261/499     1.44G   0.02823   0.02857         0    0.0568        33       416    0.7547    0.8786    0.9016    0.6037   0.03613   0.01382         0
   262/499     1.44G   0.02817   0.02848         0   0.05666        29       416    0.7547    0.8822    0.9021    0.6041   0.03612   0.01381         0
   263/499     1.44G   0.02795   0.02814         0   0.05609        29       416    0.7533    0.8863    0.9025    0.6047   0.03612   0.01381         0
   264/499     1.44G   0.02804   0.02847         0    0.0565        34       416    0.7512    0.8863    0.9012    0.6044   0.03611    0.0138         0
   265/499     1.44G   0.02783   0.02836         0   0.05618        33       416    0.7541    0.8889    0.9027    0.6049    0.0361    0.0138         0
   266/499     1.44G   0.02783   0.02815         0   0.05599        33       416    0.7568    0.8915    0.9032    0.6042   0.03609    0.0138         0
   267/499     1.44G   0.02789   0.02808         0   0.05597        26       416    0.7598    0.8915     0.902    0.6043   0.03609    0.0138         0
   268/499     1.44G   0.02795   0.02825         0    0.0562        32       416    0.7568    0.8889    0.9016    0.6048   0.03609    0.0138         0
   269/499     1.44G    0.0283   0.02829         0   0.05659        39       416    0.7588    0.8861    0.9007    0.6055    0.0361   0.01381         0
   270/499     1.44G   0.02776   0.02834         0    0.0561        41       416    0.7605    0.8863    0.8986     0.605    0.0361   0.01381         0
   271/499     1.44G   0.02774    0.0281         0   0.05584        31       416    0.7619    0.8863    0.9018    0.6051   0.03609   0.01381         0
   272/499     1.44G   0.02761   0.02846         0   0.05607        30       416    0.7639    0.8915    0.9021    0.6044   0.03609   0.01381         0
   273/499     1.44G   0.02772   0.02826         0   0.05598        25       416    0.7629    0.8863    0.9021    0.6049   0.03608    0.0138         0
   274/499     1.44G   0.02743   0.02816         0   0.05559        31       416    0.7631    0.8907    0.9025    0.6054   0.03607   0.01381         0
   275/499     1.44G   0.02785   0.02766         0   0.05551        45       416     0.765    0.8941    0.9045    0.6055   0.03607    0.0138         0
   276/499     1.44G   0.02771   0.02799         0    0.0557        33       416    0.7654    0.8935    0.9048     0.606   0.03606    0.0138         0
   277/499     1.44G   0.02754   0.02821         0   0.05575        34       416    0.7629    0.8894    0.9047    0.6064   0.03606    0.0138         0
   278/499     1.44G   0.02754   0.02828         0   0.05582        32       416    0.7684    0.8941     0.905    0.6072   0.03604   0.01379         0
   279/499     1.44G   0.02747   0.02824         0   0.05571        26       416    0.7669    0.8925    0.9051     0.609   0.03601   0.01379         0
   280/499     1.44G   0.02759   0.02851         0    0.0561        26       416    0.7679    0.8915     0.905    0.6087   0.03599   0.01378         0
   281/499     1.44G   0.02729   0.02812         0   0.05541        29       416    0.7634    0.8863    0.9022    0.6094   0.03599   0.01378         0
   282/499     1.44G   0.02755   0.02818         0   0.05573        29       416     0.763    0.8863    0.9021    0.6092   0.03598   0.01378         0
   283/499     1.44G   0.02728   0.02811         0   0.05539        28       416    0.7609    0.8863    0.9022    0.6102   0.03596   0.01377         0
   284/499     1.44G   0.02709    0.0278         0   0.05489        34       416    0.7602    0.8863    0.9022    0.6096   0.03595   0.01377         0
   285/499     1.44G   0.02744   0.02791         0   0.05535        30       416    0.7606    0.8865    0.9023    0.6104   0.03595   0.01376         0
   286/499     1.44G   0.02707   0.02768         0   0.05475        35       416    0.7611    0.8863    0.9023    0.6107   0.03595   0.01376         0
   287/499     1.44G   0.02701   0.02757         0   0.05458        40       416    0.7627    0.8886    0.9023    0.6108   0.03594   0.01376         0
   288/499     1.44G   0.02737   0.02758         0   0.05496        29       416    0.7644    0.8887    0.9024    0.6104   0.03594   0.01375         0
   289/499     1.44G   0.02706   0.02798         0   0.05503        29       416    0.7675    0.8915    0.9019    0.6101   0.03593   0.01376         0
   290/499     1.44G   0.02688   0.02757         0   0.05444        38       416    0.7683    0.8911     0.902    0.6101   0.03591   0.01375         0
   291/499     1.44G   0.02701   0.02782         0   0.05483        30       416    0.7708    0.8941    0.9064    0.6104   0.03589   0.01375         0
   292/499     1.44G   0.02718   0.02789         0   0.05507        26       416    0.7733    0.8941     0.905    0.6114   0.03589   0.01375         0
   293/499     1.44G   0.02704   0.02735         0   0.05439        39       416    0.7747    0.8941    0.9043    0.6109   0.03587   0.01375         0
   294/499     1.44G   0.02707   0.02756         0   0.05463        33       416    0.7783    0.8983    0.9077     0.611   0.03586   0.01375         0
   295/499     1.44G   0.02727   0.02801         0   0.05528        28       416    0.7794    0.8992    0.9077    0.6133   0.03585   0.01374         0
   296/499     1.44G   0.02707   0.02737         0   0.05444        36       416    0.7802    0.8991    0.9074    0.6132   0.03583   0.01374         0
   297/499     1.44G   0.02708   0.02751         0    0.0546        33       416    0.7804    0.8999    0.9082     0.614   0.03582   0.01373         0
   298/499     1.44G   0.02698   0.02742         0    0.0544        38       416    0.7824    0.9013    0.9083    0.6127   0.03582   0.01374         0
   299/499     1.44G   0.02708   0.02758         0   0.05466        30       416    0.7855    0.9018    0.9085    0.6129   0.03581   0.01373         0
   300/499     1.44G    0.0269   0.02782         0   0.05472        33       416    0.7853    0.9018    0.9074    0.6122   0.03579   0.01373         0
   301/499     1.44G   0.02663    0.0272         0   0.05382        33       416    0.7835    0.8966    0.9073    0.6136   0.03578   0.01373         0
   302/499     1.44G   0.02684   0.02734         0   0.05418        32       416    0.7821    0.8966    0.9072    0.6122   0.03576   0.01373         0
   303/499     1.44G   0.02665   0.02744         0   0.05409        34       416    0.7819    0.8966     0.907    0.6129   0.03575   0.01373         0
   304/499     1.44G   0.02665   0.02738         0   0.05403        36       416    0.7807    0.8966    0.9071    0.6132   0.03574   0.01373         0
   305/499     1.44G   0.02695   0.02747         0   0.05442        32       416    0.7821    0.8966    0.9072    0.6138   0.03573   0.01372         0
   306/499     1.44G   0.02644   0.02764         0   0.05408        32       416    0.7821    0.8966    0.9075    0.6147   0.03573   0.01372         0
   307/499     1.44G   0.02665    0.0272         0   0.05385        39       416    0.7803    0.8966    0.9063    0.6132   0.03572   0.01372         0
   308/499     1.44G   0.02642   0.02724         0   0.05366        34       416    0.7818    0.8966    0.9076    0.6121   0.03572   0.01371         0
   309/499     1.44G   0.02658   0.02724         0   0.05381        39       416    0.7812    0.8966     0.908    0.6136   0.03573   0.01371         0
   310/499     1.44G   0.02678   0.02689         0   0.05366        39       416    0.7754    0.8941    0.9051    0.6135   0.03573    0.0137         0
   311/499     1.44G   0.02651   0.02705         0   0.05356        30       416    0.7752    0.8941    0.9053    0.6142   0.03572    0.0137         0
   312/499     1.44G   0.02621   0.02723         0   0.05345        35       416    0.7741    0.8966    0.9081    0.6143   0.03571   0.01369         0
   313/499     1.44G   0.02656   0.02718         0   0.05375        37       416    0.7754    0.8966     0.908    0.6146    0.0357   0.01368         0
   314/499     1.44G   0.02641   0.02683         0   0.05324        22       416    0.7743    0.8941    0.9078    0.6147    0.0357   0.01369         0
   315/499     1.44G   0.02664   0.02749         0   0.05413        37       416    0.7755    0.8915    0.9077    0.6144    0.0357   0.01368         0
   316/499     1.44G   0.02621   0.02677         0   0.05299        34       416    0.7772    0.8921    0.9078     0.615   0.03569   0.01368         0
   317/499     1.44G   0.02634   0.02701         0   0.05335        36       416    0.7771    0.8917    0.9079    0.6154   0.03567   0.01368         0
   318/499     1.44G   0.02642   0.02669         0   0.05311        31       416    0.7804    0.8941    0.9077    0.6152   0.03567   0.01367         0
   319/499     1.44G   0.02617   0.02691         0   0.05308        29       416    0.7831    0.8941    0.9076    0.6156   0.03566   0.01367         0
   320/499     1.44G   0.02638   0.02704         0   0.05343        36       416    0.7815    0.8915    0.9071     0.616   0.03566   0.01368         0
   321/499     1.44G   0.02641   0.02692         0   0.05333        39       416    0.7817    0.8915    0.9068     0.616   0.03565   0.01367         0
   322/499     1.44G   0.02624   0.02681         0   0.05305        41       416    0.7805    0.8889    0.9071    0.6159   0.03564   0.01366         0
   323/499     1.44G   0.02624    0.0272         0   0.05345        35       416    0.7819    0.8889    0.9072    0.6178   0.03562   0.01366         0
   324/499     1.44G   0.02616   0.02669         0   0.05285        45       416    0.7821    0.8889    0.9071    0.6176    0.0356   0.01366         0
   325/499     1.44G   0.02615   0.02653         0   0.05269        36       416    0.7803    0.8863    0.9043    0.6177   0.03559   0.01366         0
   326/499     1.44G   0.02612   0.02671         0   0.05283        37       416     0.784    0.8915    0.9112    0.6174   0.03558   0.01366         0
   327/499     1.44G   0.02572   0.02668         0    0.0524        47       416    0.7854    0.8863    0.9084    0.6168   0.03557   0.01366         0
   328/499     1.44G   0.02615   0.02659         0   0.05274        35       416     0.786    0.8863    0.9079    0.6171   0.03555   0.01367         0
   329/499     1.44G   0.02601   0.02691         0   0.05293        38       416    0.7834    0.8863    0.9078    0.6175   0.03553   0.01367         0
   330/499     1.44G   0.02604   0.02685         0   0.05289        40       416    0.7903    0.8863    0.9077    0.6183   0.03552   0.01368         0
   331/499     1.44G   0.02596   0.02691         0   0.05287        34       416    0.7911    0.8889    0.9113    0.6183    0.0355   0.01368         0
   332/499     1.44G    0.0259   0.02662         0   0.05252        41       416      0.79    0.8889    0.9113    0.6186   0.03549   0.01368         0
   333/499     1.44G   0.02621   0.02647         0   0.05268        25       416      0.79    0.8889    0.9112    0.6185   0.03547   0.01369         0
   334/499     1.44G   0.02588   0.02634         0   0.05222        44       416    0.7908    0.8915    0.9117    0.6184   0.03546   0.01369         0
   335/499     1.44G   0.02578    0.0264         0   0.05218        34       416     0.793    0.8915    0.9126    0.6173   0.03545   0.01369         0
   336/499     1.44G    0.0258   0.02665         0   0.05244        31       416    0.7919    0.8889    0.9122    0.6178   0.03544    0.0137         0
   337/499     1.44G   0.02552   0.02636         0   0.05188        30       416    0.7944    0.8888    0.9126    0.6191   0.03543    0.0137         0
   338/499     1.44G    0.0258   0.02629         0   0.05209        40       416    0.7943    0.8889    0.9115    0.6195   0.03541    0.0137         0
   339/499     1.44G   0.02568   0.02621         0   0.05189        30       416    0.7942    0.8863    0.9123    0.6203    0.0354   0.01371         0
   340/499     1.44G   0.02578    0.0266         0   0.05238        31       416    0.7922    0.8863    0.9122    0.6195   0.03539   0.01371         0
   341/499     1.44G   0.02553    0.0266         0   0.05213        38       416    0.7898    0.8863    0.9125    0.6198   0.03537   0.01372         0
   342/499     1.44G   0.02566   0.02643         0   0.05209        32       416    0.7893    0.8863    0.9123      0.62   0.03536   0.01372         0
   343/499     1.44G    0.0255   0.02606         0   0.05156        24       416    0.7886    0.8863    0.9125    0.6192   0.03535   0.01373         0
   344/499     1.44G   0.02556   0.02646         0   0.05202        32       416    0.7909    0.8889    0.9149    0.6205   0.03535   0.01375         0
   345/499     1.44G   0.02562   0.02643         0   0.05204        34       416    0.7889    0.8889     0.915    0.6209   0.03536   0.01375         0
   346/499     1.44G   0.02557    0.0262         0   0.05177        38       416    0.7834    0.8878    0.9104    0.6191   0.03536   0.01375         0
   347/499     1.44G   0.02515   0.02603         0   0.05118        32       416    0.7817    0.8883    0.9103    0.6197   0.03535   0.01375         0
   348/499     1.44G   0.02529   0.02599         0   0.05129        26       416    0.7854    0.8887    0.9104    0.6206   0.03533   0.01375         0
   349/499     1.44G   0.02531   0.02599         0    0.0513        36       416    0.7849    0.8889    0.9112    0.6208   0.03533   0.01376         0
   350/499     1.44G   0.02531   0.02595         0   0.05126        38       416    0.7873    0.8897    0.9138    0.6212   0.03533   0.01376         0
   351/499     1.44G   0.02523   0.02615         0   0.05137        25       416    0.7864    0.8863    0.9114    0.6194   0.03534   0.01376         0
   352/499     1.44G   0.02514   0.02622         0   0.05136        28       416    0.7844    0.8863    0.9114    0.6201   0.03533   0.01377         0
   353/499     1.44G    0.0252   0.02596         0   0.05115        35       416      0.79    0.8915    0.9182    0.6195   0.03533   0.01377         0
   354/499     1.44G   0.02532   0.02619         0   0.05151        30       416    0.7895    0.8889    0.9172    0.6213   0.03533   0.01376         0
   355/499     1.44G    0.0251   0.02594         0   0.05104        31       416    0.7941    0.8915    0.9185    0.6198   0.03533   0.01377         0
   356/499     1.44G   0.02531   0.02609         0    0.0514        31       416    0.7933    0.8889    0.9173    0.6219   0.03534   0.01377         0
   357/499     1.44G   0.02486   0.02598         0   0.05085        38       416    0.7952    0.8915    0.9185    0.6192   0.03534   0.01377         0
   358/499     1.44G   0.02525   0.02601         0   0.05126        31       416     0.794    0.8915    0.9184    0.6186   0.03534   0.01378         0
   359/499     1.44G   0.02506   0.02607         0   0.05113        33       416    0.7925    0.8889    0.9177      0.62   0.03534   0.01378         0
   360/499     1.44G   0.02482   0.02603         0   0.05085        47       416    0.7919    0.8889    0.9176     0.621   0.03536   0.01378         0
   361/499     1.44G   0.02504   0.02603         0   0.05107        30       416    0.7928    0.8889    0.9175    0.6213   0.03538   0.01379         0
   362/499     1.44G   0.02518    0.0259         0   0.05107        30       416    0.7936    0.8889    0.9177    0.6218   0.03539   0.01379         0
   363/499     1.44G    0.0247   0.02602         0   0.05072        34       416    0.7943    0.8889    0.9176     0.622    0.0354    0.0138         0
   364/499     1.44G   0.02488    0.0256         0   0.05049        30       416    0.7948    0.8889    0.9175    0.6219   0.03539   0.01379         0
   365/499     1.44G   0.02481   0.02548         0   0.05029        36       416     0.794    0.8889    0.9175    0.6218    0.0354    0.0138         0
   366/499     1.44G   0.02485   0.02582         0   0.05067        32       416    0.7955    0.8889    0.9174    0.6217   0.03539    0.0138         0
   367/499     1.44G   0.02485   0.02569         0   0.05054        29       416    0.7973    0.8889    0.9175    0.6223   0.03539    0.0138         0
   368/499     1.44G   0.02488    0.0259         0   0.05078        28       416    0.7974    0.8889    0.9174    0.6227   0.03538    0.0138         0
   369/499     1.44G   0.02456   0.02547         0   0.05003        36       416    0.7977    0.8889    0.9175    0.6226   0.03538    0.0138         0
   370/499     1.44G   0.02456    0.0257         0   0.05026        33       416    0.7979    0.8889    0.9163    0.6223   0.03538    0.0138         0
   371/499     1.44G   0.02477   0.02542         0   0.05019        29       416    0.7977    0.8863    0.9162    0.6234   0.03537   0.01381         0
   372/499     1.44G   0.02438   0.02567         0   0.05005        32       416    0.7975    0.8863    0.9163    0.6251   0.03536   0.01381         0
   373/499     1.44G   0.02474   0.02546         0    0.0502        27       416     0.798    0.8863     0.917     0.626   0.03535   0.01381         0
   374/499     1.44G   0.02472   0.02543         0   0.05015        24       416    0.7984    0.8889    0.9169    0.6264   0.03534   0.01381         0
   375/499     1.44G   0.02466   0.02551         0   0.05017        27       416    0.7965      0.89    0.9168    0.6269   0.03533   0.01381         0
   376/499     1.44G   0.02441   0.02541         0   0.04983        24       416    0.7963     0.889    0.9154    0.6254   0.03532   0.01381         0
   377/499     1.44G   0.02454   0.02565         0   0.05019        40       416    0.7965    0.8899    0.9171    0.6255   0.03531   0.01382         0
   378/499     1.44G   0.02453   0.02528         0   0.04981        30       416    0.8002    0.8889    0.9171    0.6261   0.03532   0.01382         0
   379/499     1.44G   0.02454   0.02553         0   0.05007        39       416    0.8004    0.8889    0.9166    0.6253   0.03531   0.01382         0
   380/499     1.44G   0.02448   0.02539         0   0.04987        45       416    0.8006    0.8915    0.9167    0.6251    0.0353   0.01382         0
   381/499     1.44G   0.02435   0.02535         0   0.04971        29       416    0.8038    0.8889     0.915    0.6253    0.0353   0.01382         0
   382/499     1.44G   0.02446   0.02511         0   0.04957        28       416    0.8059    0.8889     0.915    0.6241    0.0353   0.01382         0
   383/499     1.44G    0.0244   0.02525         0   0.04965        26       416    0.8015    0.8889    0.9149    0.6257   0.03529   0.01382         0
   384/499     1.44G   0.02428   0.02549         0   0.04976        31       416    0.8031    0.8889    0.9147    0.6264    0.0353   0.01382         0
   385/499     1.44G   0.02432   0.02521         0   0.04953        31       416    0.8048    0.8915    0.9155    0.6243   0.03531   0.01383         0
   386/499     1.44G   0.02405    0.0254         0   0.04945        31       416     0.805    0.8915     0.915    0.6244   0.03531   0.01383         0
   387/499     1.44G    0.0244    0.0255         0    0.0499        34       416    0.8056    0.8915     0.915    0.6241   0.03531   0.01383         0
   388/499     1.44G   0.02384   0.02499         0   0.04883        35       416    0.8062    0.8889    0.9119    0.6247   0.03532   0.01383         0
   389/499     1.44G   0.02405   0.02508         0   0.04913        34       416    0.8007    0.8889    0.9119    0.6245   0.03532   0.01384         0
   390/499     1.44G   0.02417   0.02489         0   0.04905        28       416    0.8014    0.8837    0.9112    0.6245   0.03532   0.01384         0
   391/499     1.44G   0.02407   0.02477         0   0.04883        31       416    0.8015    0.8837    0.9092     0.626   0.03534   0.01383         0
   392/499     1.44G   0.02378   0.02487         0   0.04865        35       416    0.7993    0.8851    0.9102    0.6246   0.03536   0.01384         0
   393/499     1.44G   0.02388   0.02491         0   0.04879        39       416    0.8014    0.8862    0.9089     0.626   0.03537   0.01384         0
   394/499     1.44G   0.02403   0.02514         0   0.04917        32       416    0.8016    0.8873    0.9083    0.6264   0.03538   0.01383         0
   395/499     1.44G   0.02405   0.02521         0   0.04926        36       416    0.8018    0.8889    0.9082    0.6257   0.03539   0.01384         0
   396/499     1.44G    0.0239   0.02502         0   0.04892        26       416    0.8012    0.8889    0.9086    0.6251    0.0354   0.01384         0
   397/499     1.44G   0.02369   0.02501         0    0.0487        37       416    0.8013    0.8889    0.9085    0.6247   0.03542   0.01384         0
   398/499     1.44G   0.02374   0.02441         0   0.04815        31       416    0.8017    0.8915    0.9097    0.6251   0.03545   0.01385         0
   399/499     1.44G   0.02391   0.02495         0   0.04885        43       416     0.801    0.8915    0.9097     0.627   0.03545   0.01385         0
   400/499     1.44G   0.02371   0.02525         0   0.04896        36       416    0.8003    0.8915    0.9097    0.6265   0.03547   0.01385         0
   401/499     1.44G    0.0241   0.02463         0   0.04872        28       416    0.8025    0.8915    0.9094    0.6257   0.03548   0.01385         0
   402/499     1.44G   0.02363   0.02453         0   0.04816        32       416     0.802    0.8915    0.9095     0.625    0.0355   0.01385         0
   403/499     1.44G   0.02355   0.02477         0   0.04832        28       416     0.804    0.8915    0.9094    0.6241   0.03552   0.01385         0
   404/499     1.44G   0.02385   0.02476         0   0.04861        30       416    0.8032    0.8915    0.9097    0.6242   0.03553   0.01384         0
   405/499     1.44G   0.02364   0.02464         0   0.04828        34       416    0.8036    0.8915    0.9094    0.6242   0.03554   0.01384         0
   406/499     1.44G   0.02389   0.02479         0   0.04868        32       416    0.8013    0.8915    0.9091     0.625   0.03555   0.01384         0
   407/499     1.44G   0.02368   0.02476         0   0.04844        28       416    0.8018    0.8915    0.9095    0.6251   0.03555   0.01384         0
   408/499     1.44G   0.02384    0.0247         0   0.04854        28       416    0.8022    0.8915    0.9094     0.626   0.03555   0.01385         0
   409/499     1.44G   0.02365   0.02479         0   0.04844        24       416    0.8021    0.8889    0.9099    0.6248   0.03556   0.01384         0
   410/499     1.44G   0.02342   0.02438         0    0.0478        26       416    0.7982    0.8891    0.9096    0.6261   0.03556   0.01383         0
   411/499     1.44G   0.02361   0.02462         0   0.04823        30       416    0.8003    0.8915    0.9098    0.6265   0.03559   0.01383         0
   412/499     1.44G   0.02349   0.02458         0   0.04807        39       416    0.7979    0.8915    0.9097    0.6257    0.0356   0.01383         0
   413/499     1.44G   0.02317    0.0247         0   0.04787        34       416    0.7998    0.8915    0.9097    0.6276   0.03561   0.01383         0
   414/499     1.44G   0.02344    0.0242         0   0.04764        37       416    0.8035    0.8915    0.9099    0.6278   0.03562   0.01382         0
   415/499     1.44G   0.02347   0.02423         0    0.0477        34       416    0.8053    0.8941    0.9099    0.6274   0.03563   0.01382         0
   416/499     1.44G   0.02368   0.02444         0   0.04812        38       416    0.8038    0.8941     0.909    0.6282   0.03565   0.01382         0
   417/499     1.44G    0.0234   0.02447         0   0.04787        22       416    0.8024    0.8941    0.9088     0.627   0.03566   0.01383         0
   418/499     1.44G   0.02335   0.02431         0   0.04766        32       416    0.8009    0.8941    0.9089     0.629   0.03566   0.01384         0
   419/499     1.44G   0.02351   0.02468         0   0.04819        37       416    0.8029    0.8915    0.9091    0.6297   0.03566   0.01383         0
   420/499     1.44G   0.02368   0.02417         0   0.04786        29       416    0.8034    0.8889    0.9099    0.6304   0.03568   0.01383         0
   421/499     1.44G   0.02317   0.02421         0   0.04737        35       416     0.803    0.8889    0.9091    0.6293   0.03568   0.01383         0
   422/499     1.44G   0.02331   0.02408         0   0.04739        31       416    0.8034    0.8889    0.9094      0.63    0.0357   0.01383         0
   423/499     1.44G   0.02337   0.02443         0    0.0478        36       416    0.8049    0.8889    0.9092    0.6305    0.0357   0.01383         0
   424/499     1.44G   0.02309   0.02415         0   0.04724        25       416    0.8055    0.8889    0.9094    0.6309   0.03571   0.01384         0
   425/499     1.44G   0.02313   0.02434         0   0.04747        36       416    0.8042    0.8889    0.9092    0.6292   0.03572   0.01384         0
   426/499     1.44G   0.02329    0.0244         0   0.04769        37       416    0.8053    0.8889    0.9091    0.6298   0.03572   0.01384         0
   427/499     1.44G   0.02342   0.02449         0   0.04792        42       416    0.8079    0.8889    0.9091    0.6283   0.03572   0.01384         0
   428/499     1.44G   0.02314   0.02396         0    0.0471        28       416    0.8077    0.8889    0.9092    0.6294   0.03573   0.01384         0
   429/499     1.44G   0.02318   0.02421         0   0.04738        35       416    0.8081    0.8889    0.9095      0.63   0.03574   0.01385         0
   430/499     1.44G   0.02306   0.02417         0   0.04723        49       416    0.8071    0.8889    0.9092    0.6304   0.03574   0.01384         0
   431/499     1.44G   0.02292   0.02425         0   0.04717        24       416    0.8092    0.8863    0.9095    0.6295   0.03575   0.01385         0
   432/499     1.44G    0.0234   0.02444         0   0.04785        29       416    0.8082    0.8863    0.9094    0.6304   0.03576   0.01385         0
   433/499     1.44G   0.02291   0.02423         0   0.04714        31       416    0.8128    0.8889    0.9125    0.6301   0.03577   0.01384         0
   434/499     1.44G   0.02269   0.02399         0   0.04668        30       416    0.8155    0.8908    0.9125    0.6306   0.03578   0.01384         0
   435/499     1.44G   0.02317   0.02438         0   0.04754        28       416    0.8133    0.8892    0.9126    0.6301   0.03578   0.01384         0
   436/499     1.44G   0.02314   0.02419         0   0.04733        37       416    0.8113     0.889    0.9122    0.6298   0.03579   0.01384         0
   437/499     1.44G    0.0229   0.02409         0   0.04699        31       416    0.8174    0.8907    0.9121    0.6298   0.03581   0.01384         0
   438/499     1.44G   0.02285   0.02417         0   0.04702        33       416    0.8174    0.8915    0.9103    0.6291   0.03581   0.01385         0
   439/499     1.44G   0.02292   0.02414         0   0.04706        33       416    0.8148    0.8915    0.9109    0.6288   0.03582   0.01386         0
   440/499     1.44G   0.02292   0.02417         0   0.04709        38       416    0.8145    0.8915    0.9112    0.6272   0.03583   0.01386         0
   441/499     1.44G   0.02301   0.02408         0   0.04709        33       416    0.8152    0.8915    0.9113    0.6264   0.03584   0.01386         0
   442/499     1.44G     0.023   0.02391         0   0.04691        39       416    0.8134    0.8915    0.9114    0.6271   0.03584   0.01387         0
   443/499     1.44G     0.023    0.0238         0   0.04681        28       416     0.815    0.8882    0.9111    0.6269   0.03584   0.01387         0
   444/499     1.44G   0.02261   0.02352         0   0.04613        33       416     0.819    0.8887     0.911    0.6259   0.03584   0.01388         0
   445/499     1.44G   0.02299   0.02413         0   0.04713        38       416    0.8194    0.8911    0.9153    0.6279   0.03586   0.01389         0
   446/499     1.44G   0.02278   0.02374         0   0.04651        31       416    0.8194    0.8913    0.9154    0.6286   0.03588    0.0139         0
   447/499     1.44G   0.02295   0.02385         0    0.0468        31       416    0.8171    0.8889    0.9104    0.6269   0.03589   0.01391         0
   448/499     1.44G   0.02286   0.02393         0   0.04679        39       416    0.8168    0.8889    0.9103    0.6277    0.0359   0.01391         0
   449/499     1.44G    0.0228   0.02391         0   0.04671        44       416    0.8182    0.8889    0.9105    0.6275   0.03591   0.01392         0
   450/499     1.44G   0.02302   0.02425         0   0.04728        31       416    0.8179    0.8889    0.9105    0.6271   0.03592   0.01392         0
   451/499     1.44G   0.02276   0.02388         0   0.04664        46       416    0.8157    0.8889    0.9103    0.6279   0.03594   0.01392         0
   452/499     1.44G   0.02264   0.02391         0   0.04655        30       416    0.8143    0.8889    0.9104    0.6283   0.03595   0.01393         0
   453/499     1.44G   0.02277   0.02384         0   0.04661        31       416    0.8093    0.8863    0.9074     0.628   0.03595   0.01393         0
   454/499     1.44G   0.02289   0.02392         0   0.04682        30       416    0.8113    0.8863    0.9098    0.6281   0.03596   0.01393         0
   455/499     1.44G    0.0227   0.02398         0   0.04668        35       416    0.8067    0.8837    0.9067    0.6266   0.03595   0.01393         0
   456/499     1.44G   0.02244   0.02386         0    0.0463        25       416    0.8069    0.8855    0.9067    0.6262   0.03596   0.01393         0
   457/499     1.44G    0.0226   0.02367         0   0.04627        31       416    0.8061    0.8863    0.9054    0.6268   0.03595   0.01393         0
   458/499     1.44G   0.02276   0.02379         0   0.04655        32       416    0.8066    0.8889    0.9067    0.6266   0.03594   0.01393         0
   459/499     1.44G   0.02254   0.02355         0   0.04609        34       416    0.8103    0.8889    0.9087    0.6265   0.03594   0.01393         0
   460/499     1.44G   0.02257   0.02365         0   0.04622        33       416    0.8079    0.8863    0.9045     0.626   0.03595   0.01394         0
   461/499     1.44G   0.02248   0.02372         0    0.0462        38       416    0.8115    0.8863    0.9061    0.6256   0.03594   0.01393         0
   462/499     1.44G    0.0226   0.02366         0   0.04626        30       416     0.811    0.8863    0.9063    0.6252   0.03595   0.01395         0
   463/499     1.44G   0.02252   0.02353         0   0.04605        32       416    0.8097    0.8837    0.9051     0.625   0.03594   0.01395         0
   464/499     1.44G    0.0226   0.02376         0   0.04637        36       416    0.8086    0.8837    0.9053    0.6243   0.03594   0.01396         0
   465/499     1.44G   0.02235   0.02361         0   0.04596        25       416    0.8099    0.8837    0.9052    0.6242   0.03592   0.01396         0
   466/499     1.44G   0.02227   0.02378         0   0.04604        29       416      0.81    0.8837     0.905    0.6239   0.03592   0.01397         0
   467/499     1.44G    0.0226   0.02361         0   0.04621        35       416    0.8118    0.8837    0.9051    0.6232   0.03592   0.01396         0
   468/499     1.44G   0.02253   0.02377         0   0.04631        21       416    0.8144    0.8837    0.9051    0.6229   0.03593   0.01396         0
   469/499     1.44G   0.02246   0.02348         0   0.04594        45       416    0.8141    0.8837    0.9051    0.6227   0.03594   0.01398         0
   470/499     1.44G   0.02226   0.02352         0   0.04579        36       416    0.8148    0.8837     0.905    0.6232   0.03595   0.01399         0
   471/499     1.44G   0.02212   0.02354         0   0.04567        33       416    0.8172    0.8837    0.9049    0.6243   0.03595     0.014         0
   472/499     1.44G   0.02255   0.02384         0   0.04639        30       416    0.8179    0.8863    0.9051    0.6235   0.03597   0.01401         0
   473/499     1.44G   0.02251   0.02342         0   0.04593        33       416    0.8181    0.8863     0.905    0.6228   0.03598   0.01403         0
   474/499     1.44G   0.02213   0.02358         0   0.04571        30       416    0.8195    0.8863     0.905    0.6236     0.036   0.01404         0
   475/499     1.44G   0.02245   0.02373         0   0.04618        30       416    0.8125    0.8846    0.9048    0.6238   0.03601   0.01405         0
   476/499     1.44G   0.02218   0.02349         0   0.04567        39       416    0.8106    0.8849    0.9045    0.6244   0.03601   0.01406         0
   477/499     1.44G   0.02242   0.02343         0   0.04585        37       416    0.8119    0.8837    0.9047     0.624   0.03602   0.01407         0
   478/499     1.44G   0.02228   0.02371         0   0.04599        42       416    0.8105    0.8844    0.9044    0.6232   0.03603   0.01409         0
   479/499     1.44G   0.02242   0.02349         0   0.04591        33       416      0.81    0.8837    0.9043    0.6229   0.03605   0.01409         0
   480/499     1.44G   0.02256   0.02366         0   0.04622        32       416    0.8092    0.8863    0.9041    0.6225   0.03605    0.0141         0
   481/499     1.44G   0.02229   0.02337         0   0.04566        35       416    0.8051    0.8863     0.902    0.6213   0.03605   0.01411         0
   482/499     1.44G   0.02231   0.02354         0   0.04585        30       416    0.8023    0.8863    0.9016    0.6204   0.03606   0.01412         0
   483/499     1.44G   0.02245    0.0233         0   0.04575        34       416     0.801    0.8837    0.9015    0.6204   0.03607   0.01414         0
   484/499     1.44G   0.02256   0.02355         0   0.04611        41       416     0.804    0.8915    0.9028    0.6214   0.03608   0.01415         0
   485/499     1.44G   0.02245   0.02351         0   0.04596        35       416    0.8042    0.8913    0.9034    0.6196   0.03608   0.01415         0
   486/499     1.44G   0.02239   0.02368         0   0.04606        31       416    0.8026     0.893    0.9038    0.6192   0.03609   0.01415         0
   487/499     1.44G    0.0224   0.02326         0   0.04566        30       416    0.8012    0.8889    0.9036    0.6201    0.0361   0.01416         0
   488/499     1.44G   0.02238   0.02347         0   0.04585        34       416    0.8004    0.8915    0.9032    0.6196    0.0361   0.01416         0
   489/499     1.44G   0.02243   0.02319         0   0.04562        41       416     0.798    0.8863    0.9047    0.6209    0.0361   0.01416         0
   490/499     1.44G   0.02219   0.02334         0   0.04553        32       416    0.7999    0.8881     0.907    0.6205   0.03612   0.01417         0
   491/499     1.44G   0.02237   0.02345         0   0.04581        27       416    0.7981    0.8863    0.9064     0.621   0.03613   0.01417         0
   492/499     1.44G   0.02244   0.02325         0   0.04569        38       416    0.7955    0.8863    0.9065    0.6195   0.03613   0.01418         0
   493/499     1.44G   0.02228   0.02317         0   0.04546        31       416    0.7951    0.8863    0.9066    0.6206   0.03615   0.01418         0
   494/499     1.44G   0.02257   0.02327         0   0.04584        28       416    0.7959    0.8863    0.9065      0.62   0.03616   0.01418         0
   495/499     1.44G   0.02225   0.02339         0   0.04564        26       416    0.7928    0.8863    0.9065    0.6193   0.03617   0.01418         0
   496/499     1.44G   0.02245   0.02341         0   0.04585        43       416    0.7915    0.8889    0.9064    0.6188   0.03619   0.01419         0
   497/499     1.44G   0.02223   0.02316         0   0.04539        29       416    0.7931    0.8915    0.9078    0.6184   0.03621   0.01418         0
   498/499     1.44G   0.02244   0.02326         0    0.0457        31       416    0.7951    0.8941    0.9078    0.6179   0.03622   0.01419         0
   499/499     1.44G   0.02214   0.02335         0   0.04549        33       416    0.7954    0.8941    0.9078     0.618   0.03625   0.01418         0
