     0/299     1.54G   0.04789   0.04715    0.1898    0.2849        36       416    0.3666    0.6867    0.6135    0.2495   0.05324   0.02262    0.9743
     1/299      1.4G   0.04927    0.0478    0.2251    0.3222        30       416    0.3005    0.6886    0.5536    0.2235    0.0535   0.02366    0.7027
     2/299      1.4G   0.05292   0.05117    0.3353    0.4394        57       416    0.2075    0.4923     0.327    0.1013   0.06643   0.02611    0.7749
     3/299     1.41G   0.05617   0.05274    0.4531     0.562        41       416    0.2041    0.5176     0.357   0.09849   0.06402   0.02979    0.7879
     4/299     1.41G   0.05609   0.05284    0.4595    0.5684        47       416    0.2839    0.5432    0.4069    0.1217   0.06296   0.02562    0.7038
     5/299     1.41G   0.05571   0.05272    0.4359    0.5443        50       416    0.2994    0.5514    0.4066     0.115   0.06137   0.02638    0.6454
     6/299     1.41G   0.05543    0.0522    0.4367    0.5443        40       416    0.3013    0.5254     0.419    0.1477   0.06176   0.02618    0.6422
     7/299     1.41G   0.05539   0.05216    0.4205     0.528        42       416    0.3451    0.5037    0.4249    0.1367   0.06048   0.02601    0.5161
     8/299     1.41G   0.05523    0.0525    0.4082     0.516        34       416    0.2667    0.5831    0.4215    0.1364   0.06147   0.02641    0.4833
     9/299     1.41G   0.05495   0.05238     0.411    0.5183        41       416    0.3122    0.5777    0.4492      0.14   0.05882    0.0252    0.8477
    10/299     1.41G    0.0543   0.05202    0.3884    0.4947        44       416    0.2459    0.5635    0.4115    0.1307   0.06085   0.02538    0.7084
    11/299     1.41G   0.05441   0.05219    0.3875    0.4941        33       416    0.2731    0.6301     0.439    0.1478    0.0571   0.02574    0.6854
    12/299     1.41G   0.05447    0.0523     0.391    0.4977        48       416    0.2683    0.6215    0.4538    0.1442   0.05852   0.02593    0.8755
    13/299     1.41G   0.05465   0.05186    0.3961    0.5026        43       416     0.275     0.575    0.4404    0.1464   0.05878   0.02483    0.5234
    14/299     1.41G   0.05418    0.0517    0.3821     0.488        45       416    0.2845    0.5879    0.4697     0.152   0.05892   0.02483     0.654
    15/299     1.41G   0.05388   0.05186    0.3876    0.4934        36       416    0.3853    0.5668    0.4986    0.1798   0.05713   0.02429    0.9089
    16/299     1.41G   0.05408   0.05164    0.3927    0.4985        39       416    0.3106    0.6373    0.5009    0.1738   0.05772   0.02529    0.5424
    17/299     1.41G   0.05405   0.05135    0.3792    0.4846        38       416    0.3126    0.6394    0.4929    0.1733   0.05849   0.02445    0.5212
    18/299     1.41G   0.05389   0.05151    0.3848    0.4902        36       416    0.2842    0.6499    0.5056    0.1757   0.05778   0.02521    0.5861
    19/299     1.41G   0.05411   0.05128    0.3677    0.4731        40       416    0.2842    0.6079    0.4981    0.1763   0.05723   0.02512    0.5503
    20/299     1.41G   0.05386   0.05179    0.3888    0.4944        37       416    0.3142    0.5906    0.4744    0.1694    0.0579   0.02506    0.7007
    21/299     1.41G    0.0537   0.05124    0.3662    0.4712        44       416    0.3358    0.6393    0.5331    0.1817   0.05758   0.02451     0.605
    22/299     1.41G   0.05369   0.05129      0.36     0.465        41       416    0.3498    0.6183    0.5004    0.1872   0.05762    0.0244    0.5735
    23/299     1.41G    0.0534   0.05097    0.3644    0.4687        37       416    0.3346    0.6088    0.5059    0.1817   0.05686   0.02414    0.6421
    24/299     1.41G   0.05384   0.05114    0.3759    0.4808        41       416    0.3356    0.5879    0.5136    0.1858   0.05634   0.02466    0.7274
    25/299     1.41G    0.0536   0.05114     0.361    0.4658        43       416    0.3275      0.64    0.5118    0.1849   0.05718   0.02348    0.6303
    26/299     1.41G    0.0537   0.05133    0.3679    0.4729        33       416    0.3453    0.6475    0.5416    0.2001   0.05739   0.02389    0.5118
    27/299     1.41G   0.05332   0.05148    0.3592     0.464        45       416    0.3124    0.6294    0.5199    0.1992   0.05697   0.02402    0.6218
    28/299     1.41G   0.05327   0.05106    0.3677     0.472        58       416    0.3196     0.658    0.5551    0.2054   0.05653   0.02421     0.695
    29/299     1.41G    0.0535    0.0511    0.3667    0.4713        39       416    0.3282    0.6323    0.5231    0.1951   0.05719   0.02356    0.6166
    30/299     1.41G   0.05333   0.05118    0.3592    0.4637        55       416    0.3312    0.6731    0.5583    0.2127     0.057   0.02376    0.4534
    31/299     1.41G    0.0532   0.05112    0.3536     0.458        45       416    0.3136    0.6426     0.537    0.1905   0.05768   0.02365     0.493
    32/299     1.41G   0.05318   0.05096    0.3573    0.4615        46       416     0.355    0.6451     0.527    0.1931   0.05584   0.02378    0.5792
    33/299     1.41G   0.05318   0.05078    0.3451     0.449        41       416    0.3696    0.7041    0.5627    0.2049   0.05476   0.02379    0.6394
    34/299     1.41G   0.05332   0.05091    0.3506    0.4548        36       416    0.3467    0.6425    0.5529    0.2126   0.05467   0.02389    0.5517
    35/299     1.41G   0.05316    0.0507    0.3514    0.4552        43       416    0.3693     0.676     0.571    0.2083   0.05551   0.02376    0.6239
    36/299     1.41G   0.05322   0.05088    0.3485    0.4526        39       416    0.3624    0.6708     0.564    0.2077   0.05612   0.02361     0.581
    37/299     1.41G    0.0529   0.05106    0.3558    0.4598        34       416    0.3594     0.661    0.5522    0.2052   0.05636   0.02353    0.6089
    38/299     1.41G   0.05304   0.05108     0.347    0.4511        41       416    0.3692     0.658    0.5547    0.2068   0.05534   0.02368    0.5892
    39/299     1.41G   0.05309   0.05099    0.3392    0.4432        46       416    0.3595    0.6584    0.5601    0.2109   0.05506   0.02332    0.6657
    40/299     1.41G   0.05276   0.05053    0.3354    0.4387        45       416    0.3629    0.6893    0.5699    0.2194   0.05372   0.02349     0.564
    41/299     1.41G     0.053   0.05077    0.3414    0.4452        45       416    0.3699    0.7023    0.5946    0.2321   0.05477   0.02312    0.5111
    42/299     1.41G   0.05278   0.05052    0.3362    0.4395        55       416    0.3556    0.6936    0.5839    0.2177   0.05538   0.02298    0.5271
    43/299     1.41G   0.05274   0.05031    0.3463    0.4493        35       416    0.3568    0.6789    0.5661    0.2132   0.05508   0.02275    0.5329
    44/299     1.41G   0.05295   0.05077    0.3425    0.4462        40       416    0.3773    0.6838    0.5938    0.2233   0.05472   0.02287    0.5271
    45/299     1.41G   0.05298   0.05077    0.3502     0.454        27       416    0.3783    0.6969    0.5884    0.2244   0.05434    0.0228    0.5272
    46/299     1.41G   0.05312    0.0512    0.3502    0.4545        37       416    0.3634    0.6947    0.5736    0.2252   0.05501   0.02293    0.5285
    47/299     1.41G   0.05265   0.05052    0.3414    0.4446        60       416    0.3679    0.6919    0.5861    0.2269   0.05523   0.02291    0.5649
    48/299     1.41G   0.05261   0.05018    0.3321    0.4349        43       416    0.3807    0.7045    0.6081    0.2312   0.05453   0.02285    0.5725
    49/299     1.41G   0.05273   0.05085    0.3279    0.4315        42       416    0.3934    0.6997    0.6037    0.2324   0.05443   0.02287    0.5926
    50/299     1.41G   0.05262   0.05048    0.3397    0.4428        41       416    0.3943    0.7097    0.6058     0.231   0.05448   0.02286    0.5828
    51/299     1.41G   0.05241   0.05007    0.3303    0.4328        35       416    0.3822    0.6943    0.5911    0.2289   0.05462   0.02281    0.5875
    52/299     1.41G   0.05271   0.05065    0.3417    0.4451        37       416    0.3795    0.7074     0.603    0.2333   0.05443   0.02281     0.588
    53/299     1.41G   0.05259   0.05069    0.3322    0.4355        38       416    0.3788     0.707    0.6092    0.2328   0.05455   0.02277    0.5755
    54/299     1.41G   0.05274   0.05028    0.3412    0.4442        41       416    0.3742    0.6894    0.5919     0.231   0.05461   0.02277    0.5544
    55/299     1.41G   0.05264   0.05087    0.3399    0.4434        43       416    0.3602    0.6944    0.5855    0.2248   0.05522   0.02282    0.5426
    56/299     1.41G   0.05281   0.05068    0.3381    0.4416        37       416    0.3666     0.689    0.5953    0.2241   0.05527   0.02276    0.5393
    57/299     1.41G    0.0524   0.05031    0.3238    0.4265        34       416    0.3722    0.6859     0.597    0.2265   0.05534   0.02272    0.5344
    58/299     1.41G   0.05221   0.05067    0.3277    0.4306        44       416    0.3675    0.6863    0.5907    0.2272   0.05524   0.02266    0.5259
    59/299     1.41G    0.0522   0.05015    0.3215    0.4239        36       416    0.3608    0.6968     0.596    0.2297   0.05508   0.02263    0.5181
    60/299     1.41G   0.05231   0.05054    0.3257    0.4285        39       416    0.3614    0.6916    0.5947    0.2273   0.05506   0.02259    0.5234
    61/299     1.41G   0.05243   0.05027    0.3231    0.4258        37       416    0.3724     0.694    0.5908    0.2274     0.055   0.02257    0.5184
    62/299     1.41G   0.05274   0.04988    0.3219    0.4245        38       416    0.3804    0.7019    0.6148    0.2321   0.05506   0.02255     0.528
    63/299     1.41G   0.05215   0.04976    0.3216    0.4235        46       416    0.3725    0.7019    0.6138    0.2315   0.05511    0.0225    0.5272
    64/299     1.41G   0.05232    0.0503    0.3269    0.4295        40       416    0.3772    0.7018    0.6089    0.2313   0.05499   0.02249    0.5342
    65/299     1.41G   0.05227   0.05011    0.3231    0.4255        30       416    0.3728    0.6991    0.6088    0.2311   0.05493   0.02248    0.5342
    66/299     1.41G   0.05235   0.05049    0.3242    0.4271        37       416     0.381    0.6991    0.6091    0.2326   0.05483   0.02245    0.5397
    67/299     1.41G   0.05245   0.05073    0.3267    0.4299        38       416    0.3766    0.6887    0.6015     0.235   0.05473   0.02244    0.5427
    68/299     1.41G   0.05223   0.05018    0.3202    0.4226        40       416    0.3798    0.6968    0.6127     0.237   0.05465   0.02241    0.5412
    69/299     1.41G   0.05241   0.05048    0.3331     0.436        46       416     0.375    0.6916    0.6118    0.2347   0.05456   0.02238    0.5389
    70/299     1.41G   0.05196   0.05046    0.3174    0.4198        38       416    0.3896    0.7096    0.6231    0.2349   0.05442   0.02235    0.5394
    71/299     1.41G    0.0522   0.05006    0.3267    0.4289        44       416    0.3881    0.7149    0.6261    0.2355   0.05439   0.02234    0.5361
    72/299     1.41G   0.05184   0.05053    0.3204    0.4228        30       416    0.3828    0.7096    0.6258    0.2368   0.05437   0.02233    0.5342
    73/299     1.41G   0.05148   0.05026    0.3159    0.4176        34       416    0.3811    0.7096    0.6258     0.238   0.05426   0.02231    0.5356
    74/299     1.41G   0.05192   0.05009    0.3217    0.4237        40       416    0.3805    0.7123    0.6273    0.2409   0.05416   0.02229    0.5433
    75/299     1.41G   0.05204   0.05009    0.3238    0.4259        37       416    0.3801    0.7045    0.6251    0.2416   0.05411   0.02228    0.5444
    76/299     1.41G   0.05203   0.05023    0.3205    0.4227        38       416    0.3803    0.7071    0.6268    0.2429   0.05411   0.02227    0.5443
    77/299     1.41G   0.05174      0.05    0.3183    0.4201        36       416    0.3809     0.705    0.6259    0.2444   0.05404   0.02225    0.5449
    78/299     1.41G   0.05226   0.04982     0.317    0.4191        36       416    0.3816    0.7071    0.6264    0.2443     0.054   0.02223    0.5479
    79/299     1.41G   0.05217   0.04996     0.311    0.4132        55       416    0.3819    0.7123    0.6314    0.2479     0.054   0.02221    0.5513
    80/299     1.41G   0.05203   0.05016    0.3274    0.4296        35       416    0.3882    0.7141    0.6358    0.2472   0.05397    0.0222    0.5552
    81/299     1.41G   0.05167   0.05038    0.3128    0.4149        35       416    0.3864    0.7095    0.6325    0.2457   0.05392   0.02219    0.5563
    82/299     1.41G   0.05171   0.04967    0.3123    0.4136        40       416    0.3931    0.7147    0.6404    0.2449   0.05388   0.02217    0.5591
    83/299     1.41G   0.05172   0.05009    0.3271    0.4289        33       416    0.3951    0.7261     0.642    0.2441   0.05384   0.02216    0.5589
    84/299     1.41G   0.05156   0.04982    0.3086    0.4099        49       416     0.396    0.7251    0.6385    0.2451   0.05381   0.02215    0.5602
    85/299     1.41G   0.05208   0.05018    0.3115    0.4137        41       416    0.3939    0.7251     0.639    0.2465   0.05381   0.02214    0.5582
    86/299     1.41G   0.05175    0.0499    0.3034    0.4051        33       416    0.3913    0.7199    0.6361    0.2461   0.05379   0.02213    0.5593
    87/299     1.41G   0.05103   0.05009    0.3152    0.4163        58       416    0.3933    0.7174    0.6357    0.2475   0.05381   0.02211    0.5611
    88/299     1.41G   0.05164   0.05018     0.308    0.4099        48       416    0.3945    0.7189    0.6394    0.2462   0.05377   0.02211    0.5621
    89/299     1.41G   0.05211   0.05041     0.331    0.4335        45       416    0.3896    0.7173    0.6341    0.2459   0.05376   0.02211    0.5614
    90/299     1.41G   0.05196   0.04976    0.3103     0.412        53       416    0.3839    0.7147    0.6273    0.2457   0.05373    0.0221    0.5629
    91/299     1.41G   0.05141   0.04973    0.3125    0.4136        49       416    0.3833    0.7173    0.6288    0.2472   0.05372   0.02209    0.5654
    92/299     1.41G   0.05167   0.04982    0.3033    0.4047        42       416    0.3823    0.7123     0.624    0.2469   0.05372   0.02207    0.5693
    93/299     1.41G   0.05153   0.04979    0.3118    0.4132        43       416      0.38    0.7123    0.6215    0.2475   0.05369   0.02206    0.5708
    94/299     1.41G   0.05125   0.04979    0.3051    0.4061        40       416    0.3825    0.7099    0.6218    0.2465   0.05366   0.02206     0.573
    95/299     1.41G   0.05126    0.0498    0.3048    0.4059        43       416    0.3839    0.7072     0.621     0.245   0.05364   0.02205    0.5756
    96/299     1.41G   0.05151   0.04979    0.2965    0.3978        44       416    0.3769    0.7019    0.6181    0.2447   0.05363   0.02204    0.5806
    97/299     1.41G   0.05109   0.04975    0.2995    0.4004        38       416    0.3763    0.7019    0.6169     0.245    0.0536   0.02204     0.584
    98/299     1.41G   0.05157   0.04958    0.2965    0.3977        38       416    0.3777    0.6993    0.6175    0.2457   0.05356   0.02205    0.5841
    99/299     1.41G   0.05109   0.04918    0.2903    0.3906        31       416    0.3763    0.6968    0.6146    0.2451   0.05354   0.02205    0.5847
   100/299     1.41G   0.05151    0.0498    0.3022    0.4035        41       416    0.3753    0.6941    0.6132    0.2443    0.0535   0.02205    0.5867
   101/299     1.41G    0.0512   0.04994    0.2995    0.4006        49       416    0.3754    0.6993    0.6116    0.2433   0.05347   0.02204    0.5859
   102/299     1.41G   0.05063   0.04907    0.2909    0.3906        43       416    0.3823    0.7045    0.6168    0.2442   0.05342   0.02203    0.5883
   103/299     1.41G   0.05165   0.04971    0.3078    0.4092        37       416    0.3835    0.7064    0.6169    0.2445   0.05339   0.02202    0.5898
   104/299     1.41G   0.05094   0.04951    0.3058    0.4062        35       416    0.3834    0.7096    0.6207    0.2452   0.05338   0.02201    0.5912
   105/299     1.41G   0.05144   0.05047    0.3111     0.413        32       416    0.3811    0.7096    0.6206    0.2454   0.05338   0.02201    0.5911
   106/299     1.41G   0.05122   0.04973    0.2975    0.3984        47       416    0.3847    0.7123    0.6226    0.2452   0.05338   0.02201    0.5911
   107/299     1.41G   0.05114   0.04971    0.2945    0.3953        43       416    0.3856    0.7096    0.6211    0.2458   0.05334     0.022     0.593
   108/299     1.41G   0.05038   0.04942    0.2871    0.3869        50       416    0.3863    0.7148    0.6258    0.2448   0.05333     0.022    0.5944
   109/299     1.41G   0.05084   0.04945    0.2861    0.3864        36       416    0.3859     0.707    0.6276    0.2454   0.05329   0.02199    0.5965
   110/299     1.41G   0.05051   0.04946    0.2926    0.3926        44       416    0.3873    0.7055    0.6256    0.2439   0.05324   0.02198    0.5975
   111/299     1.41G   0.05106   0.04955    0.2907    0.3913        41       416    0.3809     0.702    0.6207    0.2442   0.05324   0.02198    0.5981
   112/299     1.41G   0.05063   0.04952    0.2861    0.3862        40       416    0.3812     0.702    0.6219    0.2452   0.05322   0.02197    0.5982
   113/299     1.41G   0.05087   0.04952     0.283    0.3834        45       416    0.3819    0.6968      0.62    0.2455   0.05323   0.02195    0.5991
   114/299     1.41G   0.05031   0.04923    0.2783    0.3778        42       416    0.3846    0.6942    0.6192    0.2439   0.05322   0.02195    0.5986
   115/299     1.41G   0.05001   0.04918    0.2839    0.3831        28       416    0.3892    0.6994    0.6215    0.2447   0.05316   0.02194    0.5997
   116/299     1.41G   0.05069   0.04943     0.293    0.3931        41       416    0.3848    0.6943    0.6192     0.245   0.05314   0.02194    0.5997
   117/299     1.41G   0.05106   0.04966    0.2994    0.4001        40       416    0.3873    0.6968    0.6205    0.2463   0.05313   0.02193    0.5964
   118/299     1.41G    0.0503   0.04889     0.278    0.3772        38       416    0.3907    0.6994    0.6248    0.2461   0.05312   0.02191    0.5957
   119/299     1.41G   0.05013   0.04939    0.2745     0.374        34       416    0.3887    0.6994    0.6253     0.247    0.0531    0.0219     0.596
   120/299     1.41G   0.05029   0.04926    0.2752    0.3748        42       416    0.3882     0.702    0.6251     0.248   0.05308   0.02189    0.5941
   121/299     1.41G   0.05002   0.04868    0.2724    0.3711        34       416    0.3887    0.7019    0.6271    0.2495   0.05305   0.02188    0.5928
   122/299     1.41G   0.05059   0.04938    0.2907    0.3906        46       416    0.3913    0.7046    0.6275    0.2493   0.05302   0.02186    0.5905
   123/299     1.41G   0.05039   0.04942    0.3041    0.4039        45       416    0.3944    0.6993    0.6271    0.2501   0.05301   0.02184    0.5887
   124/299     1.41G   0.05059   0.04902    0.2888    0.3884        35       416    0.3945    0.6968    0.6282    0.2494   0.05296   0.02184    0.5896
   125/299     1.41G   0.05012   0.04916    0.2815    0.3807        46       416    0.3952    0.6968    0.6274    0.2489   0.05292   0.02183    0.5905
   126/299     1.41G   0.05032   0.04894    0.2766    0.3759        46       416    0.3968    0.6993    0.6313    0.2495   0.05288   0.02183    0.5924
   127/299     1.41G   0.05009   0.04921    0.2774    0.3767        35       416    0.3998    0.6994    0.6293    0.2484   0.05287   0.02181    0.5923
   128/299     1.41G   0.05066   0.04856    0.2766    0.3759        48       416    0.3976    0.6918    0.6254    0.2497   0.05285    0.0218    0.5934
   129/299     1.41G      0.05   0.04893    0.2762    0.3751        34       416    0.4002    0.6943    0.6265    0.2499   0.05284    0.0218    0.5939
   130/299     1.41G    0.0498    0.0489    0.2695    0.3682        32       416    0.3955    0.6921    0.6263    0.2491    0.0528   0.02179     0.595
   131/299     1.41G   0.04993    0.0487    0.2734     0.372        46       416    0.4003    0.6969    0.6338    0.2492   0.05273   0.02177    0.5948
   132/299     1.41G   0.04975   0.04902    0.2685    0.3673        41       416    0.4026    0.7022    0.6344    0.2502    0.0527   0.02175    0.5951
   133/299     1.41G   0.05006   0.04887    0.2659    0.3649        40       416    0.4064    0.7022    0.6362    0.2481   0.05266   0.02174    0.5964
   134/299     1.41G   0.05022   0.04883    0.2677    0.3667        39       416    0.4075    0.7047    0.6346    0.2484    0.0526   0.02174       0.6
   135/299     1.41G    0.0496   0.04915    0.2577    0.3565        39       416    0.4063    0.7046    0.6341    0.2491   0.05256   0.02173    0.6032
   136/299     1.41G    0.0498   0.04893    0.2676    0.3664        44       416     0.407    0.7026    0.6333    0.2488   0.05252   0.02172    0.6044
   137/299     1.41G   0.04982   0.04876    0.2731    0.3717        35       416    0.4026    0.7021    0.6334    0.2498    0.0525   0.02171    0.6027
   138/299     1.41G   0.04966   0.04886    0.2607    0.3592        30       416    0.3994    0.7046    0.6352    0.2504   0.05248    0.0217    0.6002
   139/299     1.41G   0.04968   0.04858    0.2616    0.3599        36       416    0.4062    0.7046    0.6346    0.2501   0.05249   0.02168    0.5974
   140/299     1.41G   0.04948   0.04826    0.2571    0.3548        50       416    0.4053    0.7046     0.635    0.2508   0.05246   0.02166    0.5996
   141/299     1.41G   0.04948   0.04881    0.2693    0.3676        45       416    0.4096    0.7073    0.6373     0.252   0.05242   0.02165    0.6008
   142/299     1.41G   0.04948   0.04883    0.2737    0.3721        46       416    0.4086    0.7047     0.637    0.2539   0.05237   0.02164    0.6023
   143/299     1.41G    0.0496   0.04852    0.2615    0.3596        35       416     0.406    0.7021    0.6363    0.2546   0.05235   0.02163    0.6042
   144/299     1.41G   0.04961   0.04834    0.2576    0.3555        41       416    0.4056    0.7021    0.6349    0.2552   0.05235   0.02161    0.6062
   145/299     1.41G   0.04943   0.04868    0.2522    0.3503        46       416    0.4067    0.7021    0.6358    0.2552   0.05231    0.0216    0.6069
   146/299     1.41G   0.04934   0.04831     0.261    0.3586        45       416    0.4067    0.6995    0.6336    0.2565   0.05231   0.02159    0.6074
   147/299     1.41G   0.04934   0.04875    0.2551    0.3532        41       416     0.407    0.6995    0.6354    0.2555   0.05226   0.02158    0.6074
   148/299     1.41G   0.04984   0.04846     0.262    0.3603        39       416     0.412     0.702    0.6364    0.2566   0.05223   0.02157    0.6077
   149/299     1.41G   0.04969   0.04892    0.2676    0.3662        37       416      0.41    0.7046    0.6357    0.2558   0.05221   0.02156    0.6087
   150/299     1.41G   0.04924   0.04847    0.2599    0.3577        49       416    0.4142    0.7046    0.6359    0.2544   0.05217   0.02154    0.6097
   151/299     1.41G   0.04925   0.04849    0.2601    0.3578        43       416    0.4156    0.7046    0.6354    0.2544   0.05215   0.02153    0.6101
   152/299     1.41G   0.04937   0.04779     0.255    0.3522        37       416    0.4162    0.7021     0.626    0.2537   0.05212   0.02151    0.6133
   153/299     1.41G   0.04924   0.04847    0.2587    0.3564        43       416    0.4175    0.6995    0.6263    0.2547   0.05207   0.02149    0.6155
   154/299     1.41G   0.04925   0.04786    0.2443    0.3414        41       416    0.4169    0.6995    0.6272    0.2548   0.05204   0.02147    0.6181
   155/299     1.41G   0.04901   0.04782    0.2529    0.3498        43       416    0.4174    0.7022     0.626    0.2552   0.05202   0.02145      0.62
   156/299     1.41G   0.04917   0.04851    0.2485    0.3462        38       416     0.419    0.7028    0.6259    0.2537   0.05198   0.02145    0.6215
   157/299     1.41G   0.04912   0.04849    0.2547    0.3524        40       416    0.4246    0.7022    0.6265    0.2543   0.05195   0.02143    0.6218
   158/299     1.41G    0.0495   0.04794    0.2436     0.341        40       416    0.4212    0.7048    0.6264    0.2549   0.05194   0.02141    0.6235
   159/299     1.41G   0.04897   0.04786    0.2575    0.3544        27       416    0.4223    0.7048    0.6272    0.2552   0.05192    0.0214    0.6239
   160/299     1.41G   0.04873   0.04844     0.242    0.3392        34       416    0.4217    0.7048    0.6269    0.2564   0.05188   0.02139    0.6252
   161/299     1.41G   0.04893   0.04831    0.2464    0.3436        36       416     0.424    0.7073    0.6284    0.2566   0.05183   0.02138    0.6262
   162/299     1.41G   0.04907   0.04822    0.2391    0.3364        41       416     0.424    0.7047    0.6282    0.2581    0.0518   0.02136     0.629
   163/299     1.41G   0.04925   0.04811    0.2521    0.3494        32       416     0.424    0.7038    0.6277    0.2593   0.05176   0.02135    0.6312
   164/299     1.41G   0.04868   0.04817    0.2453    0.3421        39       416    0.4249       0.7    0.6265    0.2591   0.05172   0.02133    0.6336
   165/299     1.41G   0.04854   0.04792    0.2378    0.3343        43       416    0.4296    0.7021    0.6282    0.2577   0.05167   0.02131    0.6357
   166/299     1.41G   0.04878   0.04786    0.2387    0.3353        44       416    0.4318    0.7073    0.6347    0.2598   0.05162   0.02129    0.6369
   167/299     1.41G   0.04849   0.04831    0.2484    0.3452        41       416     0.434    0.7052     0.637    0.2608   0.05156   0.02128    0.6377
   168/299     1.41G   0.04831   0.04829    0.2345    0.3311        38       416    0.4362    0.7072    0.6391    0.2609   0.05152   0.02126    0.6413
   169/299     1.41G   0.04846   0.04811    0.2403    0.3369        36       416    0.4362    0.7072    0.6419    0.2615   0.05148   0.02125    0.6429
   170/299     1.41G   0.04835    0.0479    0.2429    0.3392        43       416    0.4355    0.7046    0.6426    0.2623   0.05146   0.02124    0.6431
   171/299     1.41G   0.04846   0.04806    0.2377    0.3342        31       416    0.4377    0.7027     0.644    0.2622   0.05142   0.02123    0.6449
   172/299     1.41G   0.04841   0.04779    0.2301    0.3264        34       416    0.4387    0.7046    0.6471    0.2626   0.05139   0.02122    0.6459
   173/299     1.41G   0.04812   0.04745    0.2309    0.3265        35       416    0.4395    0.7021    0.6475    0.2638   0.05135   0.02121    0.6457
   174/299     1.41G   0.04851   0.04735    0.2319    0.3278        46       416    0.4398    0.7019    0.6483    0.2635   0.05132    0.0212    0.6458
   175/299     1.41G   0.04833   0.04757    0.2361     0.332        37       416    0.4422    0.7019    0.6483    0.2642   0.05127   0.02119    0.6478
   176/299     1.41G    0.0488   0.04806    0.2496    0.3465        43       416    0.4425    0.7023    0.6432    0.2645   0.05123   0.02119    0.6466
   177/299     1.41G   0.04828   0.04749    0.2272     0.323        44       416    0.4456     0.702    0.6441    0.2657   0.05117   0.02117    0.6473
   178/299     1.41G   0.04817   0.04767    0.2202    0.3161        41       416    0.4472    0.7073    0.6449    0.2661   0.05114   0.02116    0.6489
   179/299     1.41G   0.04765   0.04734    0.2313    0.3262        41       416    0.4489    0.7098    0.6517    0.2671   0.05109   0.02115    0.6519
   180/299     1.41G   0.04847   0.04771    0.2327    0.3289        45       416     0.449     0.708     0.652     0.267   0.05103   0.02113    0.6548
   181/299     1.41G     0.048   0.04717    0.2259     0.321        38       416    0.4509    0.7142    0.6476    0.2668   0.05097   0.02112    0.6585
   182/299     1.41G   0.04852   0.04803    0.2401    0.3367        36       416    0.4491    0.7158    0.6462    0.2686   0.05094   0.02111    0.6616
   183/299     1.41G   0.04786   0.04779    0.2297    0.3253        43       416    0.4614    0.7229    0.6587    0.2691   0.05091   0.02109    0.6645
   184/299     1.41G   0.04792    0.0476    0.2263    0.3218        30       416    0.4583    0.7229    0.6529    0.2686   0.05088   0.02108    0.6649
   185/299     1.41G   0.04796   0.04779    0.2261    0.3218        40       416    0.4562    0.7229     0.652    0.2684   0.05089   0.02106    0.6654
   186/299     1.41G   0.04792   0.04748    0.2263    0.3217        39       416    0.4561    0.7229    0.6525    0.2686   0.05088   0.02105    0.6652
   187/299     1.41G   0.04835   0.04792    0.2306    0.3269        42       416     0.457    0.7246    0.6529    0.2694   0.05085   0.02103    0.6669
   188/299     1.41G   0.04802   0.04782    0.2274    0.3232        40       416    0.4607    0.7244      0.66    0.2699   0.05083   0.02102     0.667
   189/299     1.41G   0.04763   0.04737    0.2255    0.3205        36       416    0.4626    0.7229    0.6608    0.2711    0.0508     0.021    0.6679
   190/299     1.41G   0.04798   0.04755    0.2346    0.3301        50       416    0.4603    0.7229    0.6594    0.2709   0.05077   0.02099    0.6685
   191/299     1.41G   0.04791   0.04749    0.2292    0.3246        35       416    0.4603    0.7256     0.659    0.2709   0.05077   0.02097    0.6688
   192/299     1.41G   0.04742   0.04717    0.2154      0.31        45       416    0.4631    0.7229    0.6584    0.2706   0.05074   0.02096    0.6708
   193/299     1.41G    0.0479   0.04738    0.2215    0.3167        36       416    0.4639    0.7248    0.6594    0.2724   0.05071   0.02095     0.673
   194/299     1.41G   0.04769   0.04765    0.2189    0.3142        42       416    0.4645    0.7228    0.6562    0.2723   0.05068   0.02094    0.6761
   195/299     1.41G    0.0475    0.0475    0.2242    0.3192        48       416    0.4607    0.7222    0.6558    0.2727   0.05064   0.02094    0.6791
   196/299     1.41G   0.04758   0.04698    0.2162    0.3108        34       416    0.4628    0.7226    0.6568    0.2723   0.05061   0.02093    0.6799
   197/299     1.41G   0.04762   0.04752    0.2249      0.32        35       416    0.4627    0.7213    0.6573    0.2745    0.0506   0.02092    0.6807
   198/299     1.41G   0.04781   0.04727    0.2247    0.3198        47       416    0.4605     0.717    0.6525    0.2737   0.05058   0.02091    0.6804
   199/299     1.41G   0.04732   0.04684    0.2128     0.307        43       416    0.4578    0.7099    0.6508    0.2745   0.05056   0.02091    0.6795
   200/299     1.41G    0.0473   0.04713    0.2157    0.3101        45       416    0.4641    0.7185    0.6533     0.276   0.05051   0.02091    0.6807
   201/299     1.41G   0.04752   0.04693    0.2107    0.3051        43       416    0.4686    0.7228    0.6551    0.2767   0.05046   0.02091    0.6829
   202/299     1.41G   0.04737   0.04705    0.2088    0.3032        43       416    0.4653    0.7228    0.6558    0.2763   0.05043   0.02091    0.6837
   203/299     1.41G   0.04723   0.04666    0.2135    0.3074        39       416    0.4617    0.7228    0.6571    0.2767   0.05038    0.0209    0.6822
   204/299     1.41G   0.04733   0.04676    0.2074    0.3015        50       416    0.4598    0.7228    0.6585    0.2769   0.05032   0.02088    0.6845
   205/299     1.41G   0.04727   0.04692    0.2135    0.3077        42       416     0.464     0.728    0.6596    0.2795   0.05025   0.02088    0.6875
   206/299     1.41G   0.04712   0.04707    0.2105    0.3047        40       416    0.4691    0.7306    0.6599    0.2786   0.05019   0.02086    0.6901
   207/299     1.41G   0.04718   0.04671    0.1996    0.2935        48       416    0.4735     0.728    0.6601    0.2789   0.05013   0.02085    0.6898
   208/299     1.41G   0.04714   0.04645    0.1982    0.2918        41       416    0.4755    0.7311    0.6609    0.2794   0.05006   0.02084     0.691
   209/299     1.41G   0.04671     0.047    0.2058    0.2995        44       416    0.4722    0.7271      0.66    0.2803   0.05001   0.02083    0.6909
   210/299     1.41G   0.04696   0.04691    0.1974    0.2913        44       416    0.4717    0.7256    0.6596    0.2831   0.04993   0.02082    0.6911
   211/299     1.41G   0.04663   0.04618    0.1937    0.2865        43       416     0.471    0.7229    0.6594    0.2843   0.04988   0.02081      0.69
   212/299     1.41G   0.04674   0.04676    0.2052    0.2987        46       416     0.472    0.7255     0.662    0.2846   0.04984    0.0208    0.6901
   213/299     1.41G    0.0471   0.04684    0.2097    0.3037        39       416    0.4713    0.7229    0.6614    0.2852   0.04978   0.02079    0.6902
   214/299     1.41G   0.04678   0.04667    0.1947    0.2881        41       416    0.4706    0.7229    0.6616    0.2857   0.04974   0.02079    0.6916
   215/299     1.41G   0.04667   0.04685    0.2042    0.2978        34       416    0.4688    0.7256    0.6618    0.2867   0.04968   0.02079    0.6916
   216/299     1.41G   0.04665   0.04694    0.2021    0.2957        40       416    0.4668    0.7239    0.6592    0.2874   0.04964   0.02079    0.6917
   217/299     1.41G    0.0468   0.04684    0.2083     0.302        42       416    0.4718    0.7256    0.6616    0.2888   0.04959   0.02078    0.6917
   218/299     1.41G   0.04638    0.0467    0.1936    0.2867        35       416    0.4719    0.7256    0.6641    0.2903   0.04954   0.02077    0.6923
   219/299     1.41G   0.04667   0.04635     0.201     0.294        50       416    0.4747     0.723    0.6639      0.29   0.04951   0.02076    0.6939
   220/299     1.41G    0.0468   0.04668    0.1948    0.2883        42       416    0.4698    0.7153    0.6602    0.2911   0.04948   0.02076     0.692
   221/299     1.41G   0.04667   0.04655    0.1986    0.2918        42       416    0.4739    0.7205    0.6624    0.2908   0.04945   0.02076    0.6926
   222/299     1.41G    0.0468   0.04665    0.2033    0.2968        42       416    0.4795    0.7231    0.6638    0.2913    0.0494   0.02076    0.6944
   223/299     1.41G   0.04644   0.04689    0.1996     0.293        46       416    0.4825    0.7231    0.6656    0.2904   0.04937   0.02075     0.696
   224/299     1.41G    0.0464   0.04644    0.1983    0.2911        39       416    0.4859    0.7283    0.6713    0.2907   0.04934   0.02074    0.6969
   225/299     1.41G   0.04635   0.04626    0.1894     0.282        43       416    0.4886    0.7308    0.6731    0.2896   0.04931   0.02073     0.698
   226/299     1.41G   0.04653   0.04644    0.1898    0.2827        38       416    0.4902    0.7256    0.6735    0.2887   0.04926   0.02072    0.6995
   227/299     1.41G   0.04613   0.04663    0.1938    0.2866        36       416    0.4897    0.7256     0.674    0.2904   0.04923   0.02071    0.7031
   228/299     1.41G   0.04648   0.04652     0.186     0.279        40       416     0.492    0.7283    0.6746    0.2916   0.04918    0.0207    0.7051
   229/299     1.41G   0.04619   0.04598    0.1886    0.2808        40       416     0.496    0.7283    0.6743     0.292   0.04912    0.0207    0.7083
   230/299     1.41G   0.04605   0.04632     0.189    0.2813        43       416    0.4952    0.7283     0.674    0.2925   0.04906   0.02069    0.7126
   231/299     1.41G   0.04596   0.04644    0.1848    0.2772        40       416    0.4968    0.7283    0.6736    0.2932     0.049   0.02069    0.7179
   232/299     1.41G   0.04613   0.04605    0.1834    0.2756        46       416    0.4958    0.7283    0.6731    0.2911   0.04896   0.02068    0.7215
   233/299     1.41G   0.04598   0.04632    0.1815    0.2738        38       416    0.4972    0.7308    0.6756    0.2925   0.04892   0.02068    0.7244
   234/299     1.41G   0.04603   0.04616    0.1878      0.28        42       416    0.4954    0.7308    0.6757    0.2931   0.04887   0.02067    0.7288
   235/299     1.41G   0.04567   0.04608    0.1762    0.2679        39       416    0.4981     0.736    0.6804    0.2945   0.04881   0.02066    0.7342
   236/299     1.41G   0.04578   0.04583    0.1882    0.2799        40       416    0.4987     0.736    0.6793    0.2956   0.04876   0.02066    0.7354
   237/299     1.41G     0.046   0.04579    0.1817    0.2735        42       416    0.4991     0.736    0.6799    0.2974   0.04872   0.02065    0.7362
   238/299     1.41G   0.04598   0.04628    0.1777      0.27        29       416    0.4958    0.7334    0.6795    0.2986   0.04866   0.02065    0.7368
   239/299     1.41G   0.04558   0.04594    0.1771    0.2686        47       416    0.4917    0.7362    0.6855    0.2989    0.0486   0.02064    0.7409
   240/299     1.41G   0.04563   0.04571    0.1794    0.2708        34       416    0.4951    0.7386    0.6865    0.2985   0.04856   0.02063    0.7407
   241/299     1.41G   0.04596   0.04614    0.1775    0.2696        50       416    0.4929    0.7361     0.686    0.2992    0.0485   0.02062    0.7426
   242/299     1.41G   0.04555   0.04626    0.1779    0.2697        32       416    0.4931    0.7361    0.6858     0.298   0.04845   0.02061    0.7448
   243/299     1.41G   0.04541   0.04561    0.1788    0.2699        36       416    0.4961     0.736    0.6829    0.2977    0.0484    0.0206    0.7484
   244/299     1.41G   0.04574   0.04564    0.1863    0.2776        45       416    0.5006    0.7408    0.6904    0.2994   0.04836   0.02059    0.7495
   245/299     1.41G   0.04543   0.04557    0.1782    0.2692        36       416    0.4948    0.7361    0.6905    0.3008   0.04832   0.02058    0.7514
   246/299     1.41G   0.04541   0.04598    0.1712    0.2626        30       416    0.4983    0.7405    0.6938    0.3006   0.04829   0.02057    0.7531
   247/299     1.41G   0.04531   0.04542    0.1749    0.2657        44       416    0.4981    0.7412    0.6948    0.3009   0.04826   0.02056    0.7551
   248/299     1.41G   0.04564   0.04565    0.1759    0.2672        38       416    0.5036    0.7377    0.6939    0.3017   0.04821   0.02056    0.7542
   249/299     1.41G   0.04521   0.04553    0.1744    0.2651        40       416    0.4956    0.7361    0.6958    0.3053   0.04817   0.02055     0.754
   250/299     1.41G   0.04541    0.0461    0.1752    0.2667        50       416    0.5013    0.7361    0.6951     0.306   0.04815   0.02054    0.7552
   251/299     1.41G   0.04548   0.04566    0.1707    0.2619        42       416     0.504    0.7387    0.6963    0.3052   0.04813   0.02053     0.757
   252/299     1.41G   0.04523   0.04555    0.1741    0.2649        41       416    0.5069    0.7412    0.6983    0.3066    0.0481   0.02052    0.7576
   253/299     1.41G   0.04524   0.04561    0.1725    0.2633        30       416    0.5064    0.7438    0.7027    0.3068    0.0481   0.02052    0.7589
   254/299     1.41G   0.04518   0.04558    0.1767    0.2675        35       416    0.5037    0.7465    0.7042    0.3078   0.04807   0.02051    0.7597
   255/299     1.41G   0.04521   0.04556    0.1681    0.2588        47       416    0.5102    0.7464    0.7054    0.3075   0.04804    0.0205    0.7628
   256/299     1.41G   0.04531    0.0455    0.1633    0.2541        43       416    0.5079    0.7449    0.7046    0.3061   0.04801   0.02049    0.7639
   257/299     1.41G   0.04529   0.04561    0.1709    0.2618        46       416    0.5086    0.7438    0.7083    0.3082   0.04799   0.02048    0.7658
   258/299     1.41G   0.04499   0.04543    0.1657    0.2562        44       416    0.5114    0.7431    0.7096    0.3086   0.04795   0.02047    0.7692
   259/299     1.41G   0.04485   0.04532    0.1598    0.2499        28       416    0.5126    0.7413    0.7114    0.3098   0.04792   0.02046    0.7713
   260/299     1.41G   0.04482    0.0454    0.1655    0.2557        35       416    0.5141    0.7428    0.7122    0.3122   0.04789   0.02045    0.7731
   261/299     1.41G   0.04505   0.04545    0.1674    0.2579        43       416    0.5188    0.7464    0.7167    0.3136   0.04786   0.02045    0.7735
   262/299     1.41G   0.04513   0.04543    0.1699    0.2604        37       416    0.5187    0.7465    0.7191    0.3144    0.0478   0.02044    0.7756
   263/299     1.41G   0.04477   0.04481     0.158    0.2476        35       416    0.5234    0.7465    0.7199    0.3157   0.04776   0.02044    0.7787
   264/299     1.41G   0.04504   0.04558    0.1692    0.2598        42       416    0.5245    0.7491    0.7212    0.3168   0.04773   0.02044    0.7826
   265/299     1.41G   0.04478   0.04512    0.1668    0.2567        36       416    0.5269    0.7491    0.7218    0.3185   0.04767   0.02043    0.7864
   266/299     1.41G   0.04497   0.04552    0.1699    0.2604        39       416    0.5229    0.7465    0.7208     0.318   0.04764   0.02042    0.7883
   267/299     1.41G   0.04528   0.04538    0.1689    0.2596        33       416    0.5276    0.7465    0.7201    0.3188   0.04762   0.02042    0.7882
   268/299     1.41G   0.04469   0.04522    0.1602    0.2501        34       416    0.5325    0.7491    0.7216    0.3194   0.04759   0.02042    0.7902
   269/299     1.41G   0.04459   0.04468    0.1516    0.2408        35       416    0.5298    0.7465    0.7185      0.32   0.04758   0.02042    0.7933
   270/299     1.41G   0.04486   0.04541    0.1659    0.2562        34       416    0.5307    0.7465    0.7183    0.3194   0.04756   0.02042    0.7941
   271/299     1.41G   0.04426   0.04524    0.1617    0.2512        43       416    0.5282    0.7465    0.7177    0.3205   0.04753   0.02041    0.7952
   272/299     1.41G   0.04459   0.04497    0.1587    0.2482        34       416    0.5295    0.7439    0.7169    0.3207   0.04749   0.02041    0.7967
   273/299     1.41G    0.0449   0.04489    0.1564    0.2462        34       416    0.5267    0.7439    0.7172    0.3213   0.04745   0.02041    0.7976
   274/299     1.41G   0.04477   0.04476    0.1636    0.2531        42       416    0.5274    0.7413    0.7164    0.3209   0.04742   0.02041     0.798
   275/299     1.41G   0.04469   0.04526      0.16    0.2499        41       416    0.5254    0.7439    0.7181    0.3214   0.04738   0.02041    0.7984
   276/299     1.41G   0.04465   0.04519    0.1564    0.2463        46       416    0.5285    0.7518    0.7204    0.3234   0.04735   0.02041    0.7998
   277/299     1.41G   0.04452   0.04491    0.1558    0.2452        42       416    0.5306    0.7518    0.7206    0.3226   0.04733   0.02041    0.8002
   278/299     1.41G   0.04443   0.04517    0.1605    0.2501        45       416    0.5329    0.7517    0.7191    0.3236   0.04732    0.0204    0.8037
   279/299     1.41G   0.04461   0.04535    0.1674    0.2574        36       416    0.5344    0.7543     0.721    0.3231   0.04731   0.02039    0.8049
   280/299     1.41G   0.04447   0.04505    0.1588    0.2483        41       416    0.5351     0.757    0.7216    0.3242   0.04728   0.02038    0.8072
   281/299     1.41G   0.04434   0.04486     0.154    0.2432        36       416    0.5323     0.757    0.7217    0.3236   0.04723   0.02038    0.8092
   282/299     1.41G   0.04429   0.04503     0.155    0.2443        35       416    0.5285    0.7543      0.72    0.3255   0.04721   0.02037    0.8131
   283/299     1.41G    0.0447   0.04507    0.1688    0.2585        46       416    0.5256    0.7543    0.7202    0.3253   0.04718   0.02036     0.814
   284/299     1.41G   0.04454   0.04479    0.1609    0.2502        43       416    0.5282    0.7543    0.7204     0.327   0.04715   0.02035    0.8139
   285/299     1.41G   0.04444   0.04459    0.1591    0.2481        36       416    0.5283    0.7555    0.7213    0.3278   0.04712   0.02034     0.814
   286/299     1.41G    0.0446   0.04493    0.1577    0.2473        45       416     0.533    0.7607    0.7253    0.3291   0.04707   0.02033    0.8148
   287/299     1.41G   0.04423   0.04504    0.1576    0.2469        47       416    0.5318    0.7605    0.7254    0.3299   0.04703   0.02031    0.8164
   288/299     1.41G   0.04405   0.04486    0.1567    0.2456        39       416    0.5339    0.7606    0.7255    0.3316   0.04698   0.02031    0.8145
   289/299     1.41G    0.0446   0.04505    0.1619    0.2515        46       416    0.5332    0.7597    0.7252    0.3319   0.04698   0.02031    0.8128
   290/299     1.41G   0.04433   0.04458    0.1577    0.2466        41       416    0.5335    0.7623    0.7294    0.3321     0.047    0.0203    0.8103
   291/299     1.41G   0.04438   0.04459     0.154     0.243        41       416    0.5278    0.7598    0.7284    0.3328     0.047   0.02029    0.8089
   292/299     1.41G   0.04424   0.04498    0.1602    0.2494        38       416    0.5298    0.7598    0.7287     0.333   0.04698   0.02028    0.8082
   293/299     1.41G    0.0444   0.04481    0.1556    0.2448        44       416    0.5297    0.7609    0.7281    0.3341   0.04693   0.02027    0.8067
   294/299     1.41G   0.04419   0.04457    0.1557    0.2444        39       416    0.5322    0.7623    0.7298     0.333   0.04689   0.02027    0.8064
   295/299     1.41G   0.04418   0.04468    0.1506    0.2395        46       416    0.5312    0.7623    0.7297    0.3348   0.04685   0.02026    0.8066
   296/299     1.41G   0.04415   0.04483    0.1517    0.2407        29       416    0.5336    0.7597    0.7287    0.3349   0.04681   0.02026    0.8082
   297/299     1.41G    0.0439   0.04488    0.1551    0.2439        42       416     0.531     0.757    0.7309    0.3357   0.04676   0.02025    0.8111
   298/299     1.41G   0.04411   0.04438     0.154    0.2424        35       416    0.5326     0.757    0.7323    0.3373   0.04673   0.02025    0.8136
   299/299     1.41G   0.04415   0.04469    0.1574    0.2462        45       416    0.5309    0.7596    0.7329    0.3374   0.04669   0.02024    0.8166
