    0/1999    0.824G   0.05364   0.04592    0.1283    0.2279         2       416    0.9182      0.18    0.2083   0.08858   0.05862   0.02241     1.964
    1/1999     1.44G   0.05551   0.04592    0.1735    0.2749         2       416    0.8672   0.07265   0.08374     0.035   0.05961   0.02434     2.314
    2/1999     1.44G   0.05974   0.04914    0.3496    0.4584         4       416     0.891   0.01327    0.0125   0.00394   0.06942   0.03048      0.94
    3/1999     1.44G   0.06486   0.05297    0.6608    0.7786         3       416         0         0         0         0    0.0723    0.0292     3.016
    4/1999     1.44G   0.06614   0.05276     0.702    0.8209         4       416    0.8993   0.01421   0.01333  0.004808   0.06803   0.02688     2.289
    5/1999     1.44G   0.06547   0.05297    0.6197    0.7382         4       416    0.8103   0.01494   0.02062  0.008975   0.06656   0.02678     3.141
    6/1999     1.44G    0.0636   0.05343    0.6262    0.7432         3       416    0.3643   0.01518   0.01543  0.003899   0.06744   0.02728    0.8114
    7/1999     1.44G   0.06376   0.05233    0.5964    0.7125         1       416    0.8328   0.06893   0.07716   0.02346   0.06871   0.02969     1.459
    8/1999     1.44G   0.06327   0.05284    0.5997    0.7158         1       416     0.921   0.06242     0.075    0.0253   0.06515   0.02812    0.8299
    9/1999     1.44G   0.06336   0.05246    0.5247    0.6405         3       416    0.8396   0.02994   0.03144   0.01451   0.06583   0.02655     2.443
   10/1999     1.44G   0.06279   0.05237    0.5638    0.6789         3       416         1   0.03437      0.04   0.01445   0.06743   0.02509     2.026
   11/1999     1.44G   0.06325   0.05224    0.5255     0.641         3       416         1   0.03718   0.05964   0.02396   0.06431   0.02667      1.58
   12/1999     1.44G   0.06323   0.05162    0.5087    0.6235         3       416    0.4395   0.04085   0.04893   0.01896   0.06324    0.0259     1.302
   13/1999     1.44G   0.06299    0.0516     0.486    0.6006         4       416    0.3283   0.01618    0.0225   0.00802   0.06366   0.02754    0.8486
   14/1999     1.44G   0.06284   0.05216    0.5036    0.6186         3       416    0.7865   0.01188   0.01813  0.008271   0.06403   0.02627     1.599
   15/1999     1.44G    0.0627   0.05164    0.5159    0.6303         1       416         1   0.01461     0.025   0.01002   0.06461   0.02603     1.375
   16/1999     1.44G   0.06275    0.0523    0.5336    0.6486         2       416       0.5  0.009645    0.0125   0.00715    0.0643   0.02655     1.241
   17/1999     1.44G   0.06244   0.05189    0.5198    0.6341         3       416    0.8015   0.01719   0.02175  0.008775   0.06253   0.02732     1.776
   18/1999     1.44G   0.06264   0.05197    0.5167    0.6313         1       416    0.9822   0.07911   0.08859     0.046   0.06565   0.02752     1.616
   19/1999     1.44G   0.06268   0.05225    0.5183    0.6332         2       416         0         0         0         0   0.06352   0.02666     1.207
   20/1999     1.44G   0.06222   0.05181    0.5162    0.6303         2       416    0.9415   0.02682   0.03318   0.01359   0.06563   0.02793     1.831
   21/1999     1.44G    0.0621   0.05186     0.487    0.6009         1       416    0.6408   0.01697   0.02468  0.007459   0.06402   0.02761     1.199
   22/1999     1.44G   0.06192   0.05189    0.4703    0.5841         4       416    0.5017   0.02025   0.02833   0.01286   0.06487   0.02525     1.335
   23/1999     1.44G   0.06198   0.05185    0.4927    0.6066         4       416     0.446   0.02324   0.02568   0.01057   0.06299   0.02611     1.443
   24/1999     1.44G   0.06194   0.05213    0.4755    0.5896         3       416    0.9816   0.07659   0.08769    0.0485   0.06204   0.02645     1.134
   25/1999     1.44G   0.06143   0.05176    0.5019    0.6151         2       416    0.4664   0.03902   0.04976    0.0207   0.06352   0.02636     1.447
   26/1999     1.44G   0.06184   0.05181    0.4828    0.5964         4       416     0.758   0.09557    0.1152   0.04759   0.06189   0.02771     1.468
   27/1999     1.44G   0.06155   0.05173    0.5058    0.6191         2       416    0.8697   0.02713   0.04083   0.01753    0.0615   0.02792         1
   28/1999     1.44G   0.06159   0.05131    0.4437    0.5566         1       416     0.589    0.0817   0.08657   0.03737   0.06304    0.0274     1.206
   29/1999     1.44G    0.0616   0.05156    0.4687    0.5818         2       416    0.5776   0.03953    0.0541   0.01938   0.06031   0.02634     1.479
   30/1999     1.44G   0.06111   0.05129    0.4507    0.5631         1       416    0.9421   0.02833   0.03323   0.01497   0.06315   0.02558    0.9688
   31/1999     1.44G   0.06167   0.05162     0.468    0.5813         2       416    0.9437   0.07423     0.102   0.04185   0.06318   0.02577     1.417
   32/1999     1.44G   0.06117   0.05129    0.4859    0.5984         1       416    0.9506   0.03345   0.03962   0.01958   0.06137   0.02592     1.671
   33/1999     1.44G   0.06175   0.05109     0.428    0.5408         1       416    0.9214   0.06686   0.08379   0.03663   0.06193   0.02624     1.527
   34/1999     1.44G   0.06157   0.05168    0.4752    0.5884         2       416    0.8626   0.05379   0.05694   0.02789    0.0621   0.02571    0.9119
   35/1999     1.44G   0.06207   0.05071     0.455    0.5678         2       416    0.4425   0.04324   0.04925   0.02343   0.06017   0.02606     1.335
   36/1999     1.44G   0.06224   0.05166    0.4505    0.5644         2       416    0.9788   0.03395   0.03964   0.02149   0.06043   0.02574     1.181
   37/1999     1.44G   0.06193    0.0513    0.4807    0.5939         2       416    0.7905   0.02408    0.0325   0.01354   0.06196   0.02588     1.842
   38/1999     1.44G   0.06178   0.05147    0.4455    0.5588         3       416     0.895   0.02676   0.04741   0.01993   0.06269   0.02543     1.439
   39/1999     1.44G   0.06143   0.05132    0.4436    0.5564         3       416    0.9287   0.04382   0.05361   0.02674   0.06344   0.02487     1.223
   40/1999     1.44G   0.06232   0.05161    0.4866    0.6005         2       416       0.5   0.02678    0.0375   0.01755   0.06121   0.02501     1.616
   41/1999     1.44G   0.06185   0.05145    0.4468    0.5601         2       416    0.8337   0.04057   0.04625   0.02122   0.06073   0.02591     1.516
   42/1999     1.44G   0.06154   0.05136    0.4491     0.562         4       416         1   0.04986   0.06435   0.03605   0.06074   0.02551     1.307
   43/1999     1.44G   0.06167   0.05128    0.4538    0.5668         4       416    0.9708   0.04832    0.0688   0.02928   0.06182   0.02602     1.148
   44/1999     1.44G   0.06167   0.05117    0.4652     0.578         2       416    0.9719   0.05029   0.06498   0.03025   0.06027   0.02531     1.445
   45/1999     1.44G   0.06103   0.05146      0.48    0.5925         4       416       0.5   0.03799   0.04638    0.0227   0.06053    0.0254      1.45
   46/1999     1.44G    0.0609   0.05121    0.4513    0.5634         4       416    0.9197   0.06776   0.08857   0.04213   0.06034   0.02517    0.9747
   47/1999     1.44G   0.06166   0.05154    0.5078     0.621         2       416       0.5   0.02653    0.0375    0.0208   0.06227   0.02491      1.05
   48/1999     1.44G   0.06085   0.05096     0.441    0.5528         1       416    0.9785   0.06546   0.07897   0.04346   0.06199   0.02464     1.172
   49/1999     1.44G   0.06098   0.05173    0.4148    0.5275         2       416         1   0.09797    0.1204   0.06143   0.06129   0.02498     1.325
   50/1999     1.44G   0.06086   0.05094    0.4256    0.5374         3       416    0.8393   0.07315   0.08961     0.045    0.0612   0.02442     1.073
   51/1999     1.44G    0.0615   0.05092     0.442    0.5544         3       416    0.9816   0.07654   0.09265   0.04512   0.06021   0.02477     1.508
   52/1999     1.44G   0.06086    0.0513     0.424    0.5362         4       416      0.75   0.03879      0.06   0.02851   0.05879   0.02509     1.486
   53/1999     1.44G   0.06093   0.05121    0.4316    0.5438         2       416    0.9816   0.07643    0.0937   0.04032   0.05945   0.02498      1.38
   54/1999     1.44G   0.06178   0.05154    0.4987     0.612         4       416    0.4692   0.04213   0.05682   0.02594    0.0607   0.02479     1.362
   55/1999     1.44G    0.0612   0.05096     0.448    0.5601         2       416       0.5   0.03744    0.0525   0.02234   0.05945   0.02467     1.574
   56/1999     1.44G    0.0613   0.05135      0.47    0.5827         2       416         1   0.05655     0.085   0.03774   0.06063   0.02454      1.55
   57/1999     1.44G   0.06082   0.05148    0.4523    0.5646         1       416    0.9957   0.08732   0.09971   0.04605   0.06002   0.02492     1.656
   58/1999     1.44G   0.06067   0.05115    0.4219    0.5337         4       416    0.4658   0.07641   0.08969   0.04383   0.05972   0.02476     1.391
   59/1999     1.44G   0.06147   0.05123    0.4372    0.5499         2       416    0.8378   0.06249   0.07667   0.03817   0.06003   0.02485     1.765
   60/1999     1.44G   0.06036   0.05183    0.4238     0.536         2       416         1   0.05886     0.085   0.03336   0.06063   0.02475     1.721
   61/1999     1.44G   0.06038   0.05119      0.42    0.5316         1       416    0.9802   0.07656   0.08235   0.03391   0.06084   0.02488     1.521
   62/1999     1.44G   0.06101   0.05149    0.4475      0.56         1       416     0.718   0.08516   0.09509   0.04931   0.06138   0.02488      1.49
   63/1999     1.44G   0.06102   0.05132    0.4391    0.5514         1       416    0.9438   0.05317   0.08642   0.03597   0.06073   0.02415     1.577
   64/1999     1.44G   0.06095   0.05101    0.4338    0.5458         3       416     0.974   0.05904   0.09328   0.04056   0.06105   0.02404     1.664
   65/1999     1.44G   0.06069   0.05038    0.4318    0.5429         2       416    0.9537   0.06377   0.08624   0.04268   0.06082   0.02413     1.449
   66/1999     1.44G    0.0611   0.05052    0.4126    0.5243         1       416    0.9533   0.06677   0.08179   0.03789   0.06122   0.02396     1.423
   67/1999     1.44G   0.06059    0.0506    0.3931    0.5043         4       416    0.8215    0.1049    0.1242   0.05854   0.06043   0.02419     1.472
   68/1999     1.44G   0.06063   0.05097     0.406    0.5176         2       416    0.8382   0.07981   0.08702   0.04074   0.05988   0.02401     1.335
   69/1999     1.44G   0.06057   0.05094     0.394    0.5055         4       416    0.9027   0.08196   0.08718   0.04103   0.05961   0.02404     1.222
   70/1999     1.44G   0.06038    0.0507    0.3964    0.5074         4       416     0.907   0.09421    0.1106   0.05649    0.0593   0.02419     1.209
   71/1999     1.44G   0.06009   0.05121    0.4074    0.5187         2       416    0.9442   0.09546    0.1089   0.05197   0.05911    0.0242     1.265
   72/1999     1.44G    0.0609   0.05057    0.4192    0.5307         1       416    0.9709    0.0939    0.1165   0.05447   0.05953   0.02435     1.384
   73/1999     1.44G   0.06036   0.05113     0.417    0.5285         2       416    0.9579    0.0948    0.1017   0.04954   0.05963   0.02431     1.272
   74/1999     1.44G   0.06061   0.05052    0.4054    0.5166         3       416    0.9561   0.09057    0.1049   0.05383   0.05992   0.02421     1.232
   75/1999     1.44G   0.06062   0.05069     0.428    0.5393         2       416    0.9516   0.08163   0.09556   0.04747   0.05972   0.02419     1.267
   76/1999     1.44G   0.06039    0.0511    0.4183    0.5298         2       416    0.4456   0.06898   0.07844   0.03982   0.05935   0.02411     1.309
   77/1999     1.44G   0.06155   0.05136    0.4583    0.5712         5       416    0.4472   0.07137   0.08341   0.04091   0.05971   0.02401     1.377
   78/1999     1.44G   0.06028   0.05062    0.4273    0.5382         1       416    0.9672   0.08316   0.09667   0.04377   0.05995   0.02417     1.357
   79/1999     1.44G   0.06054   0.05105    0.3959    0.5075         5       416    0.4598   0.06426    0.0878   0.04295   0.05985   0.02417     1.405
   80/1999     1.44G    0.0605   0.05113    0.4204     0.532         3       416    0.4595   0.06377   0.08688   0.04174    0.0599   0.02411     1.397
   81/1999     1.44G   0.06053   0.05127    0.4281    0.5399         3       416    0.4614   0.06708   0.07384    0.0374   0.06004   0.02412      1.35
   82/1999     1.44G   0.06049   0.05131    0.4134    0.5252         3       416    0.4562   0.07022   0.09393   0.04777   0.05991   0.02422     1.378
   83/1999     1.44G   0.06105   0.05127    0.4325    0.5449         3       416     0.481   0.07115   0.09022   0.04621   0.05981   0.02436     1.315
   84/1999     1.44G   0.06081   0.05139    0.4203    0.5325         2       416    0.4831   0.08024     0.107   0.05636   0.06001   0.02429     1.387
   85/1999     1.44G   0.06083   0.05129    0.4393    0.5514         4       416    0.4828   0.07894    0.1165   0.06076   0.06009   0.02409     1.296
   86/1999     1.44G   0.06107   0.05109     0.399    0.5112         4       416    0.4842   0.08604    0.1156   0.06288   0.06008   0.02403     1.239
   87/1999     1.44G   0.06028   0.05053    0.4327    0.5435         4       416    0.9862    0.1019    0.1234   0.06285   0.06004   0.02399     1.198
   88/1999     1.44G   0.06014    0.0509    0.4183    0.5294         3       416    0.4731   0.09882      0.12    0.0612   0.05999   0.02394     1.164
   89/1999     1.44G   0.06097   0.05079    0.4047    0.5164         1       416     0.472   0.09465    0.1191   0.06239      0.06   0.02391      1.19
   90/1999     1.44G   0.06075   0.05081    0.3995     0.511         1       416     0.472   0.09483    0.1138   0.05987   0.06018   0.02381     1.215
   91/1999     1.44G   0.06047   0.05054    0.3844    0.4954         2       416    0.4713   0.09218    0.1177   0.06312   0.06025   0.02375     1.213
   92/1999     1.44G   0.06026    0.0509    0.4275    0.5387         3       416     0.471   0.09132    0.1082   0.05544   0.06045   0.02366     1.211
   93/1999     1.44G   0.06042   0.05034    0.4034    0.5142         4       416    0.4572   0.09011    0.1086   0.05537   0.06074   0.02361     1.194
   94/1999     1.44G    0.0612   0.05108    0.4225    0.5347         3       416    0.4608   0.09916    0.1132   0.05668   0.06088    0.0236     1.171
   95/1999     1.44G   0.06043   0.05064    0.4271    0.5381         2       416    0.6072    0.1036    0.1143   0.05762   0.06089   0.02361     1.177
   96/1999     1.44G   0.06081   0.05079    0.4439    0.5555         3       416    0.5497    0.1035    0.1144   0.05768   0.06096   0.02359     1.184
   97/1999     1.44G   0.06068   0.05098    0.4179    0.5296         2       416    0.4618    0.1019    0.1178   0.05991    0.0609   0.02355     1.183
   98/1999     1.44G   0.06051   0.05054    0.4055    0.5166         4       416    0.4628    0.1048    0.1131   0.05669    0.0609   0.02351     1.183
   99/1999     1.44G   0.06039   0.05052    0.4055    0.5164         1       416     0.961    0.1026    0.1109   0.05581   0.06096   0.02349      1.18
  100/1999     1.44G   0.05945   0.05067    0.4347    0.5448         4       416     0.948   0.09983    0.1042   0.05592    0.0609   0.02351     1.183
  101/1999     1.44G   0.06014   0.05114    0.4241    0.5354         2       416    0.9481       0.1    0.1045   0.05604   0.06077    0.0235      1.18
  102/1999     1.44G   0.06032   0.05113     0.453    0.5644         2       416    0.9485    0.1008    0.1225   0.06384   0.06075   0.02351      1.18
  103/1999     1.44G    0.0608   0.05125    0.4378    0.5499         1       416    0.9407   0.09898    0.1172   0.06086   0.06082   0.02351     1.188
  104/1999     1.44G   0.06096   0.05078    0.4232     0.535         4       416    0.9484    0.1014    0.1275   0.06277   0.06079    0.0235     1.194
  105/1999     1.44G   0.06105   0.05071    0.4146    0.5264         3       416    0.9477    0.1007    0.1237   0.06132   0.06072   0.02349     1.182
  106/1999     1.44G   0.06051    0.0514    0.4046    0.5165         3       416    0.9458   0.09782    0.1191   0.05874   0.06068   0.02348     1.187
  107/1999     1.44G    0.0603   0.05147    0.3967    0.5085         2       416    0.6851   0.09409    0.1169   0.05695   0.06069   0.02347     1.184
  108/1999     1.44G   0.05979   0.05093    0.4194    0.5301         0       416     0.726   0.09677    0.1165   0.05658   0.06068   0.02346      1.18
  109/1999     1.44G   0.06031   0.05096    0.3967     0.508         5       416    0.7573   0.09612    0.1193   0.05711   0.06071   0.02342      1.18
  110/1999     1.44G   0.06051   0.05072    0.4441    0.5553         1       416    0.7467   0.09565    0.1174    0.0563   0.06074   0.02338     1.173
  111/1999     1.44G   0.06017   0.05088    0.3889       0.5         1       416    0.7625    0.0957    0.1176   0.05563   0.06071   0.02336     1.172
  112/1999     1.44G   0.05975   0.05142     0.406    0.5171         1       416    0.7611   0.09674    0.1222   0.05675   0.06066   0.02336     1.167
  113/1999     1.44G   0.05987   0.05111    0.4187    0.5297         2       416    0.6937   0.09826    0.1225   0.05712    0.0606   0.02337     1.161
  114/1999     1.44G   0.06005   0.05053    0.4022    0.5128         2       416    0.6984   0.09903    0.1223   0.05807   0.06056   0.02336     1.155
  115/1999     1.44G   0.05966   0.05153    0.4129    0.5241         2       416    0.6922   0.09837    0.1172   0.05399   0.06051   0.02334     1.145
  116/1999     1.44G   0.06007   0.05101    0.4282    0.5393         4       416    0.6761   0.09559    0.1085   0.04997   0.06047   0.02334     1.136
  117/1999     1.44G   0.06078   0.05064    0.3934    0.5048         4       416    0.6777    0.0961    0.1043   0.04748   0.06051   0.02333     1.131
  118/1999     1.44G   0.05945   0.05033    0.4087    0.5185         4       416    0.6752   0.09684    0.1086    0.0483   0.06049   0.02333     1.127
  119/1999     1.44G   0.05983    0.0511    0.4009    0.5118         4       416     0.688   0.09762    0.1083   0.04918   0.06049   0.02334      1.12
  120/1999     1.44G   0.05995   0.05116    0.3982    0.5093         1       416     0.715    0.0991     0.104   0.04725   0.06048   0.02334     1.115
  121/1999     1.44G   0.06011   0.05102    0.4351    0.5462         5       416    0.7262   0.09944    0.1045   0.04606   0.06049   0.02334       1.1
  122/1999     1.44G   0.06054   0.05135    0.4129    0.5248         1       416    0.7323    0.1011    0.1091   0.04819   0.06055   0.02333     1.097
  123/1999     1.44G   0.05964   0.05156    0.3985    0.5097         1       416    0.7228    0.1006    0.1092   0.05096   0.06059   0.02335     1.086
  124/1999     1.44G   0.06021   0.05091    0.4222    0.5333         3       416    0.7243   0.09904    0.1082   0.04849   0.06062   0.02335      1.08
  125/1999     1.44G    0.0598   0.05092    0.4099    0.5206         1       416    0.7067   0.09721    0.1054   0.04725   0.06062   0.02335      1.08
  126/1999     1.44G   0.06047    0.0505    0.3809    0.4918         3       416    0.7135   0.09474    0.1065   0.04822   0.06062   0.02335     1.081
  127/1999     1.44G   0.06041    0.0511    0.4372    0.5487         3       416    0.8065   0.09617    0.1107   0.04983   0.06063   0.02334     1.081
  128/1999     1.44G   0.06013   0.05055    0.3945    0.5052         3       416    0.8181    0.0951    0.1071   0.04748   0.06065   0.02334     1.084
  129/1999     1.44G   0.05998   0.05054     0.411    0.5216         2       416    0.8201   0.09514    0.1156   0.05061   0.06064   0.02335     1.087
  130/1999     1.44G   0.06003    0.0509    0.3959    0.5068         7       416    0.8317   0.09684    0.1162   0.05126   0.06065   0.02336     1.091
  131/1999     1.44G   0.06035   0.05074    0.4039     0.515         7       416    0.8368   0.09684    0.1108   0.05034   0.06067   0.02335     1.096
  132/1999     1.44G   0.06038   0.05046    0.3933    0.5042         2       416    0.8397   0.09617    0.1108   0.05034   0.06066   0.02335       1.1
  133/1999     1.44G   0.05973   0.05107    0.4324    0.5432         2       416    0.8348   0.09582    0.1113   0.05025   0.06072   0.02334     1.103
  134/1999     1.44G   0.05994   0.05081    0.4228    0.5336         2       416    0.8397   0.09471     0.106   0.04873   0.06072   0.02334     1.101
  135/1999     1.44G   0.06043   0.05085    0.4079    0.5192         1       416    0.8403   0.09172    0.1062   0.04698   0.06069   0.02335     1.104
  136/1999     1.44G   0.06029   0.05092    0.3909    0.5021         3       416    0.8451   0.09262    0.1065   0.04746   0.06067   0.02335     1.105
  137/1999     1.44G   0.05988   0.05135    0.3922    0.5035         3       416    0.8426   0.09395    0.1117   0.05026   0.06065   0.02336     1.102
  138/1999     1.44G   0.05994   0.05079    0.4169    0.5276         1       416    0.8458   0.09596    0.1117   0.05196   0.06064   0.02336     1.106
  139/1999     1.44G    0.0601   0.05111    0.4165    0.5277         1       416    0.8474   0.09527    0.1169    0.0539   0.06065   0.02335      1.11
  140/1999     1.44G   0.05973    0.0508    0.4092    0.5197         1       416    0.8422   0.09406    0.1167    0.0539   0.06065   0.02335      1.11
  141/1999     1.44G   0.05978   0.05074      0.38    0.4905         1       416    0.8395    0.0954    0.1165   0.05377   0.06065   0.02335     1.113
  142/1999     1.44G   0.05967    0.0511    0.4011    0.5119         1       416    0.8393   0.09523    0.1165   0.05391   0.06063   0.02336     1.116
  143/1999     1.44G   0.05975   0.05071     0.424    0.5344         4       416    0.8372   0.09225    0.1169   0.05518   0.06064   0.02335     1.122
  144/1999     1.44G   0.05982   0.05086    0.4081    0.5187         2       416    0.8357   0.09065    0.1159   0.05479   0.06065   0.02334     1.124
  145/1999     1.44G   0.05924   0.05032    0.4032    0.5127         2       416    0.8375   0.08867     0.116    0.0549   0.06067   0.02333     1.126
  146/1999     1.44G   0.06004   0.05056    0.4179    0.5285         1       416    0.8472   0.09059    0.1136   0.05375   0.06071   0.02332     1.126
  147/1999     1.44G   0.05993   0.05119    0.4078    0.5189         5       416    0.8426   0.09023    0.1186   0.05619   0.06072   0.02333     1.127
  148/1999     1.44G   0.05971   0.05106    0.4187    0.5295         4       416    0.8427   0.09044    0.1194   0.05636   0.06076   0.02333     1.127
  149/1999     1.44G   0.06059   0.05196    0.4354     0.548         4       416    0.8424    0.0912    0.1135    0.0558   0.06083   0.02333     1.132
  150/1999     1.44G   0.05976   0.05126    0.4142    0.5253         3       416    0.8433   0.09225    0.1183   0.05787   0.06086   0.02334     1.134
  151/1999     1.44G   0.05984    0.0506    0.3937    0.5041         3       416    0.8418    0.0927    0.1184   0.05936   0.06088   0.02334     1.132
  152/1999     1.44G   0.05996   0.05113    0.4299     0.541         2       416    0.8432   0.09579    0.1171   0.05871   0.06094   0.02334     1.129
  153/1999     1.44G   0.06032   0.05025    0.4028    0.5134         2       416    0.8421   0.09504    0.1173   0.05875   0.06098   0.02333     1.131
  154/1999     1.44G   0.06035   0.05097    0.4075    0.5188         1       416    0.8387   0.09416    0.1165   0.05703   0.06101   0.02332      1.13
  155/1999     1.44G   0.06018   0.05085    0.4264    0.5374         3       416    0.8192   0.08992    0.1163   0.05721   0.06106   0.02331     1.126
  156/1999     1.44G   0.06003   0.05072    0.4277    0.5385         2       416    0.8171   0.09176    0.1117   0.05505   0.06111   0.02329     1.122
  157/1999     1.44G   0.05977   0.05054    0.3793    0.4896         2       416    0.8139   0.09254    0.1076   0.05342   0.06113   0.02328      1.12
  158/1999     1.44G   0.05948   0.05058    0.3755    0.4855         5       416    0.8118   0.09241    0.1071   0.05194   0.06114   0.02328     1.118
  159/1999     1.44G   0.05947   0.05034    0.3953    0.5051         1       416    0.8083   0.09199    0.1071   0.05193   0.06116   0.02327     1.119
  160/1999     1.44G   0.05954    0.0514    0.4247    0.5356         5       416    0.7636   0.08994    0.1096   0.05272    0.0611   0.02326     1.115
  161/1999     1.44G   0.06031   0.05094    0.4079    0.5192         2       416    0.7655   0.08985    0.1095   0.05286    0.0611   0.02325     1.113
  162/1999     1.44G   0.05917   0.05065    0.4074    0.5172         2       416    0.7675   0.09025    0.1143   0.05608   0.06111   0.02325     1.108
  163/1999     1.44G    0.0594   0.05086    0.4118    0.5221         2       416    0.7809   0.09025    0.1143   0.05594    0.0611   0.02325     1.102
  164/1999     1.44G   0.05941   0.05019    0.3785    0.4881         4       416    0.7949    0.0902    0.1143   0.05609   0.06109   0.02325       1.1
  165/1999     1.44G   0.05932   0.05087    0.4045    0.5147         2       416    0.7891   0.09014    0.1144    0.0563    0.0611   0.02325     1.097
  166/1999     1.44G   0.05911   0.05146    0.4426    0.5532         1       416    0.7832   0.08873    0.1146   0.05646    0.0611   0.02325     1.094
  167/1999     1.44G   0.05964   0.05175    0.4308    0.5422         4       416     0.779   0.08643    0.1144   0.05592   0.06116   0.02325     1.088
  168/1999     1.44G    0.0596   0.05099    0.3985    0.5091         2       416     0.779   0.08569    0.1103   0.05483   0.06118   0.02325     1.079
  169/1999     1.44G   0.05989   0.05033    0.3599    0.4701         2       416    0.7817   0.08519    0.1054    0.0534   0.06118   0.02325     1.071
  170/1999     1.44G   0.05987   0.05056    0.3643    0.4747         2       416    0.7835   0.08311    0.1053   0.05349   0.06122   0.02325     1.067
  171/1999     1.44G   0.05989    0.0511    0.3992    0.5102         4       416     0.788   0.08358    0.1047   0.05256   0.06124   0.02325     1.055
  172/1999     1.44G   0.06028    0.0513    0.4119    0.5234         2       416    0.7934   0.08438    0.1056   0.05384   0.06123   0.02325     1.049
  173/1999     1.44G   0.06029    0.0508    0.3842    0.4953         4       416    0.8019   0.08048     0.105     0.053   0.06122   0.02324      1.04
  174/1999     1.44G    0.0592   0.05079    0.3705    0.4805         4       416    0.8282   0.08359    0.1051   0.05302    0.0612   0.02325     1.033
  175/1999     1.44G   0.05989   0.05106    0.4093    0.5202         1       416    0.7333   0.07862   0.09988   0.05072    0.0612   0.02326     1.026
  176/1999     1.44G   0.05955   0.05014    0.4117    0.5214         2       416    0.8337   0.07875    0.1049   0.05397   0.06121   0.02328     1.026
  177/1999     1.44G   0.06004   0.05112    0.4029     0.514         1       416    0.8229   0.08024     0.105   0.05265   0.06121   0.02329     1.027
  178/1999     1.44G   0.05996   0.05161    0.3975     0.509         4       416    0.8077   0.08473    0.1132   0.05416   0.06119   0.02331     1.031
  179/1999     1.44G   0.05993   0.05045    0.3636     0.474         1       416    0.7868   0.08183    0.1084   0.05276   0.06115   0.02331     1.033
  180/1999     1.44G    0.0598   0.05041    0.3906    0.5008         2       416    0.7825   0.08162    0.1084   0.05274   0.06112   0.02331     1.031
  181/1999     1.44G   0.05951   0.05105    0.3771    0.4877         4       416    0.7849   0.08043    0.1091   0.05364   0.06106   0.02331      1.03
  182/1999     1.44G   0.05938   0.05066    0.3747    0.4847         3       416    0.8063   0.07962    0.1091   0.05387   0.06098   0.02332     1.031
  183/1999     1.44G   0.05953   0.05047    0.3742    0.4842         1       416    0.8057   0.07937     0.109   0.05506   0.06094   0.02332     1.032
  184/1999     1.44G   0.05946   0.05119    0.3702    0.4809         3       416    0.7905   0.07937    0.1143    0.0581    0.0609   0.02332      1.03
  185/1999     1.44G   0.05988   0.05082    0.3866    0.4973         3       416    0.8773   0.08185    0.1147   0.05812   0.06088   0.02331     1.026
  186/1999     1.44G    0.0596   0.05042    0.4088    0.5188         4       416    0.8797   0.08177    0.1102   0.05694   0.06085   0.02331     1.019
  187/1999     1.44G   0.05921   0.05046    0.3861    0.4957         3       416    0.8777   0.08209    0.1101   0.05701   0.06084   0.02331     1.017
  188/1999     1.44G   0.05953   0.05073    0.3836    0.4938         2       416    0.8755   0.08204     0.105   0.05327   0.06082   0.02332     1.015
  189/1999     1.44G   0.05919   0.05061    0.3963    0.5061         1       416    0.8615   0.07988    0.1002   0.04981   0.06082   0.02332     1.016
  190/1999     1.44G   0.05943   0.05069    0.4063    0.5165         2       416    0.8578   0.07903    0.1002   0.04934   0.06083   0.02334     1.018
  191/1999     1.44G   0.05975    0.0506    0.4222    0.5325         3       416    0.8546   0.07858    0.1002   0.04977   0.06082   0.02334     1.021
  192/1999     1.44G   0.05921    0.0502    0.3632    0.4726         3       416    0.8518   0.07779    0.1004   0.04949    0.0608   0.02334     1.026
  193/1999     1.44G   0.06023   0.05089     0.433    0.5441         1       416     0.856   0.07781    0.1004   0.04945   0.06083   0.02334      1.03
  194/1999     1.44G   0.05972   0.05111    0.4004    0.5112         1       416    0.8545     0.078    0.1004   0.04933   0.06086   0.02334     1.026
  195/1999     1.44G   0.05968   0.05074    0.3871    0.4976         2       416    0.8575   0.07824   0.09981   0.04691   0.06086   0.02335     1.024
  196/1999     1.44G   0.05933   0.05036    0.4163     0.526         4       416    0.8541   0.07757   0.09094   0.04454   0.06086   0.02335     1.025
  197/1999     1.44G   0.05976   0.05007    0.3961     0.506         3       416     0.856    0.0778   0.09931   0.04724   0.06083   0.02335     1.023
  198/1999     1.44G   0.05948   0.05074    0.4075    0.5177         2       416    0.8579   0.07829    0.1004   0.04883   0.06083   0.02336     1.019
  199/1999     1.44G   0.05999    0.0508    0.3642     0.475         3       416    0.8561   0.07825    0.1004   0.05003   0.06084   0.02335      1.02
  200/1999     1.44G   0.05977   0.05123     0.392     0.503         1       416    0.8568   0.07835   0.09915   0.04724   0.06079   0.02336     1.025
  201/1999     1.44G   0.05953   0.05159    0.4107    0.5218         9       416    0.8559   0.07825   0.09564   0.04567   0.06078   0.02335     1.024
  202/1999     1.44G   0.06012   0.05022    0.3995    0.5099         3       416     0.856   0.07837   0.09548   0.04559   0.06077   0.02335     1.024
  203/1999     1.44G   0.05948   0.05085    0.4067     0.517         2       416    0.8577   0.07847   0.09548   0.04539    0.0608   0.02335     1.019
  204/1999     1.44G   0.05931   0.05099    0.3833    0.4936         4       416     0.856   0.07826   0.09548   0.04539   0.06084   0.02334     1.017
  205/1999     1.44G   0.06018   0.05064    0.4171     0.528         3       416     0.854   0.07822   0.09072   0.04335   0.06088   0.02332     1.017
  206/1999     1.44G   0.05951   0.05001    0.3697    0.4792         3       416    0.8542   0.07829   0.09072   0.04443   0.06092   0.02331     1.022
  207/1999     1.44G   0.05968   0.05058    0.3843    0.4946         2       416    0.8483   0.07765   0.08496   0.03912   0.06095   0.02329     1.021
  208/1999     1.44G   0.05941   0.05024    0.3804    0.4901         1       416    0.7404   0.07506   0.07654   0.03722   0.06099   0.02329     1.019
  209/1999     1.44G   0.05974   0.05028    0.3896    0.4996         2       416    0.7687   0.07589   0.07654   0.03662     0.061    0.0233     1.021
  210/1999     1.44G   0.05948   0.05075    0.3948     0.505         4       416       0.7   0.07482   0.07529   0.03676   0.06101   0.02332     1.022
  211/1999     1.44G   0.05988   0.05071    0.3929    0.5035         1       416    0.6566   0.07365   0.07529   0.03684   0.06105   0.02333     1.027
  212/1999     1.44G   0.05987   0.05028    0.3737    0.4838         1       416    0.6793    0.0745   0.07654   0.03778   0.06107   0.02333      1.03
  213/1999     1.44G    0.0596   0.05066     0.392    0.5023         1       416    0.6748   0.07413   0.07654   0.03778   0.06107   0.02332     1.025
  214/1999     1.44G   0.05944   0.05011    0.3672    0.4767         4       416    0.6816   0.07462   0.07654   0.03775    0.0611   0.02332     1.024
  215/1999     1.44G   0.05967   0.04988    0.3896    0.4992         4       416     0.655   0.07372   0.08119   0.03909   0.06111   0.02332     1.014
  216/1999     1.44G   0.05908   0.05146    0.4155     0.526         5       416     0.669   0.07327   0.08121   0.04022   0.06116   0.02332     1.013
  217/1999     1.44G   0.05938   0.05112    0.3997    0.5102         5       416    0.6939   0.07327   0.08121   0.03983   0.06118    0.0233     1.008
  218/1999     1.44G   0.05921   0.05042    0.3567    0.4663         1       416    0.7613   0.07462   0.08203   0.03894   0.06116   0.02329     1.003
  219/1999     1.44G   0.05977   0.05092    0.4019    0.5126         3       416    0.7597   0.07455   0.08203    0.0387   0.06115   0.02328    0.9961
  220/1999     1.44G   0.05913   0.05057    0.4056    0.5152         3       416    0.7578    0.0745   0.08185   0.03984   0.06113   0.02328    0.9861
  221/1999     1.44G   0.05938   0.05043    0.3928    0.5027         2       416    0.7686   0.07485   0.08183   0.03871   0.06113   0.02327    0.9753
  222/1999     1.44G   0.05928   0.05087    0.3862    0.4963         2       416    0.7829   0.07528   0.08183   0.03867   0.06112   0.02327    0.9696
  223/1999     1.44G   0.05898   0.05011    0.4062    0.5153         1       416    0.7575   0.07427   0.08183   0.03867   0.06114   0.02326    0.9611
  224/1999     1.44G   0.05962   0.05089    0.4029    0.5134         1       416    0.9792   0.07041    0.0835   0.03902   0.06117   0.02326    0.9591
  225/1999     1.44G    0.0596   0.05052    0.3824    0.4925         4       416    0.9792   0.07033    0.0835   0.03911   0.06115   0.02326    0.9528
  226/1999     1.44G   0.05921   0.05034    0.3974    0.5069         2       416    0.9792   0.07054   0.08351   0.04041   0.06115   0.02326    0.9552
  227/1999     1.44G   0.05919   0.05068    0.4122     0.522         3       416    0.9793   0.07075   0.08332   0.04033   0.06117   0.02326    0.9477
  228/1999     1.44G   0.05952   0.05107    0.4237    0.5342         4       416    0.9793   0.07061   0.08337   0.04053    0.0612   0.02325    0.9408
  229/1999     1.44G   0.05917   0.05105    0.4182    0.5284         2       416    0.9405   0.07109   0.08337   0.04056    0.0612   0.02325    0.9269
  230/1999     1.44G    0.0595   0.05125    0.4075    0.5183         1       416    0.9339   0.07079   0.08332   0.04055   0.06119   0.02325     0.922
  231/1999     1.44G   0.05908   0.05006    0.3795    0.4887         1       416    0.9022   0.07114   0.08337   0.03948   0.06118   0.02326    0.9194
  232/1999     1.44G   0.05914   0.05058    0.3993     0.509         4       416    0.9794   0.07063   0.08357   0.03922   0.06114   0.02328    0.9182
  233/1999     1.44G   0.05958   0.05074    0.4039    0.5143         1       416    0.8288   0.06822   0.08164   0.03859   0.06114   0.02327    0.9182
  234/1999     1.44G   0.05919   0.05085     0.384     0.494         4       416    0.8383   0.06757   0.08144   0.03824   0.06113   0.02327    0.9105
  235/1999     1.44G   0.05907   0.05049     0.411    0.5205         2       416    0.8786   0.06753   0.08144   0.03864   0.06112   0.02327    0.9022
  236/1999     1.44G   0.05927   0.05139    0.4058    0.5165         4       416    0.9086   0.06688   0.08164   0.03793   0.06113   0.02327    0.9059
  237/1999     1.44G   0.05914   0.05122    0.4002    0.5106         1       416    0.9022   0.06475   0.08144   0.03784    0.0611   0.02328    0.9075
  238/1999     1.44G   0.05926   0.05013    0.3689    0.4783         2       416    0.8929   0.06482   0.08164   0.03861   0.06107   0.02329    0.9083
  239/1999     1.44G   0.05981   0.05026    0.3924    0.5024         2       416    0.8798   0.06459   0.08144   0.03846   0.06104   0.02329    0.9122
  240/1999     1.44G    0.0592    0.0513    0.3921    0.5026         4       416    0.8877   0.06446   0.07811   0.03734   0.06101    0.0233    0.9074
  241/1999     1.44G   0.05956   0.05021    0.3849    0.4947         3       416    0.8905   0.06436   0.07811   0.03737   0.06096    0.0233     0.901
  242/1999     1.44G   0.05931   0.05084    0.3839     0.494         3       416    0.8983   0.06433   0.07791   0.03725   0.06091    0.0233     0.898
  243/1999     1.44G   0.05953   0.05037    0.3788    0.4887         4       416     0.978    0.0652   0.08291   0.03775   0.06088   0.02329    0.8953
  244/1999     1.44G   0.05954   0.05086    0.4145    0.5249         2       416    0.9781   0.06523   0.08272   0.03778   0.06086   0.02329    0.8953
  245/1999     1.44G   0.05929   0.05058    0.3926    0.5025         4       416     0.978   0.06406   0.07792   0.03735   0.06088   0.02328    0.8976
  246/1999     1.44G   0.05966   0.04978    0.3601    0.4696         1       416     0.978   0.06502   0.08292   0.03808   0.06087   0.02328    0.8986
  247/1999     1.44G   0.05845   0.05121    0.3944    0.5041         1       416     0.978   0.06423   0.07324   0.03571   0.06085   0.02329    0.9016
  248/1999     1.44G   0.05917   0.05113    0.3517     0.462         4       416     0.978   0.06526   0.07844   0.03637   0.06085   0.02329    0.9022
  249/1999     1.44G   0.05849   0.05047    0.3814    0.4903         3       416    0.9781   0.06558   0.07801   0.03413   0.06083   0.02329    0.9016
  250/1999     1.44G   0.05914   0.05076    0.3913    0.5012         2       416    0.9781   0.06579   0.07822   0.03418   0.06084   0.02329    0.8995
  251/1999     1.44G    0.0588   0.05046    0.3879    0.4971         1       416    0.9781   0.06595   0.07822    0.0337   0.06082   0.02329    0.9051
  252/1999     1.44G   0.05871   0.05106    0.4014    0.5112         3       416     0.978   0.06566   0.07801   0.03365   0.06079   0.02328    0.9108
  253/1999     1.44G   0.05965   0.05049    0.4059    0.5161         2       416    0.9779    0.0656   0.07801   0.03365   0.06076   0.02328    0.9159
  254/1999     1.44G   0.05962   0.05046    0.3695    0.4796         1       416    0.9779   0.06537   0.07801   0.03388   0.06073   0.02327     0.922
  255/1999     1.44G    0.0588   0.05028    0.3836    0.4927         1       416    0.9777   0.06504   0.07357   0.03348   0.06068   0.02326    0.9256
  256/1999     1.44G   0.05925   0.05118    0.3817    0.4921         2       416    0.9776   0.06472   0.07357   0.03356   0.06065   0.02327    0.9317
  257/1999     1.44G   0.05919   0.05073    0.3959    0.5058         4       416    0.9775   0.06451   0.07822   0.03452   0.06062   0.02327    0.9356
  258/1999     1.44G   0.05899   0.05061    0.3938    0.5034         7       416         1   0.06647   0.07981   0.03375   0.06061   0.02326    0.9395
  259/1999     1.44G   0.05883   0.05121    0.3789     0.489         1       416         1    0.0661     0.075   0.03307   0.06059   0.02326    0.9366
  260/1999     1.44G   0.05887   0.05068    0.4008    0.5103         1       416         1   0.06575     0.075   0.03308   0.06056   0.02325    0.9379
  261/1999     1.44G    0.0589   0.05086    0.3817    0.4915         3       416         1   0.06558     0.075   0.03315   0.06053   0.02325    0.9399
  262/1999     1.44G   0.05897   0.05068    0.3688    0.4785         1       416         1   0.06549     0.075   0.03315   0.06051   0.02324    0.9377
  263/1999     1.44G   0.05921   0.05025     0.364    0.4735         7       416         1   0.06554    0.0748   0.03288   0.06047   0.02323    0.9411
  264/1999     1.44G   0.05946   0.05055    0.3529    0.4629         3       416         1   0.06586   0.07962   0.03332   0.06044   0.02323    0.9438
  265/1999     1.44G   0.05873   0.05016    0.3834    0.4923         1       416         1   0.06596   0.07102    0.0313   0.06043   0.02322    0.9483
  266/1999     1.44G   0.05836   0.05058     0.385     0.494         4       416         1    0.0661    0.0748   0.03111   0.06044   0.02321    0.9464
  267/1999     1.44G   0.05872   0.05083    0.4348    0.5444         4       416         1   0.06604   0.07102   0.03073   0.06047    0.0232    0.9409
  268/1999     1.44G   0.05934    0.0513    0.4017    0.5124         2       416         1   0.06596   0.07102   0.03091    0.0605   0.02318    0.9488
  269/1999     1.44G   0.05891   0.05063    0.3642    0.4737         2       416         1   0.06595   0.07102   0.03116   0.06049   0.02318    0.9535
  270/1999     1.44G   0.05895   0.05075    0.3835    0.4932         1       416         1   0.06602   0.07102   0.03102   0.06047   0.02318    0.9595
  271/1999     1.44G   0.05888   0.05021    0.4044    0.5135         1       416         1   0.06606   0.07102   0.03102   0.06043   0.02318    0.9638
  272/1999     1.44G   0.05888   0.05055    0.4039    0.5134         2       416         1   0.06603   0.07102   0.03102   0.06042   0.02317    0.9699
  273/1999     1.44G   0.05918   0.05046    0.3737    0.4833         4       416         1   0.06584   0.07102   0.03173   0.06039   0.02317    0.9717
  274/1999     1.44G   0.05904   0.05021    0.3698     0.479         2       416         1   0.06571   0.07102   0.03177   0.06037   0.02317    0.9734
  275/1999     1.44G   0.05921    0.0501    0.3954    0.5047         1       416         1   0.06538   0.07102     0.032   0.06035   0.02317    0.9758
  276/1999     1.44G   0.05901   0.05125    0.3748    0.4851         3       416         1   0.06525   0.07102     0.032   0.06033   0.02318    0.9781
  277/1999     1.44G   0.05846   0.05125    0.3774    0.4871         3       416         1   0.06539   0.07102   0.03293    0.0603   0.02319     0.978
  278/1999     1.44G   0.05866   0.05089    0.4037    0.5133         5       416         1   0.06535   0.07102   0.03302   0.06026   0.02319    0.9831
  279/1999     1.44G   0.05884   0.05085    0.4041    0.5138         1       416         1   0.06528   0.07102   0.03303   0.06025   0.02321    0.9943
  280/1999     1.44G   0.05992   0.05113     0.387    0.4981         4       416         1   0.06494   0.07102   0.03256   0.06023   0.02322     1.001
  281/1999     1.44G   0.05875   0.05034    0.3556    0.4647         1       416         1   0.06468   0.07102   0.03255    0.0602   0.02323    0.9979
  282/1999     1.44G     0.059   0.05089    0.3666    0.4765         1       416         1   0.06278    0.0698   0.03337    0.0602   0.02324    0.9956
  283/1999     1.44G   0.06007   0.05075    0.3916    0.5025         3       416         1   0.06212    0.0698   0.03339   0.06019   0.02325    0.9893
  284/1999     1.44G   0.05927   0.05069    0.3677    0.4777         1       416         1   0.06152    0.0698   0.03368   0.06017   0.02326    0.9852
  285/1999     1.44G   0.05842   0.05057    0.3916    0.5006         1       416         1   0.06074    0.0698   0.03335   0.06016   0.02327    0.9847
  286/1999     1.44G   0.05862   0.05016    0.3608    0.4696         2       416         1   0.06095      0.07   0.03332   0.06015   0.02328     0.981
  287/1999     1.44G   0.05926    0.0506    0.3853    0.4951         4       416         1   0.06098   0.07481   0.03546   0.06016   0.02328    0.9762
  288/1999     1.44G   0.05885   0.05024    0.3581    0.4672         1       416         1   0.06091    0.0698   0.03322   0.06015   0.02328    0.9772
  289/1999     1.44G   0.05898   0.05028    0.3704    0.4796         2       416         1   0.06112   0.07462   0.03534   0.06015   0.02329    0.9746
  290/1999     1.44G   0.05889   0.05018    0.3671    0.4761         5       416         1   0.06156   0.07463   0.03535   0.06014    0.0233    0.9714
  291/1999     1.44G   0.05874   0.05141    0.4121    0.5223         1       416         1   0.06296   0.07463   0.03542   0.06015   0.02329    0.9682
  292/1999     1.44G   0.05902   0.05087    0.3603    0.4702         4       416         1    0.0615   0.07463   0.03553   0.06016   0.02329    0.9695
  293/1999     1.44G   0.05883   0.05031    0.3646    0.4737         2       416         1    0.0631   0.07462   0.03411   0.06015    0.0233    0.9738
  294/1999     1.44G   0.05902   0.05039    0.3631    0.4725         2       416         1   0.06137   0.07462   0.03414   0.06014    0.0233    0.9711
  295/1999     1.44G   0.05886   0.05026    0.3728    0.4819         3       416         1   0.06098   0.07462   0.03427   0.06014    0.0233    0.9726
  296/1999     1.44G   0.05903    0.0508    0.3941     0.504         4       416         1   0.06165   0.07481   0.03574   0.06015   0.02331    0.9713
  297/1999     1.44G   0.05919   0.04999    0.3772    0.4864         3       416         1    0.0605   0.07481   0.03574   0.06015   0.02332    0.9739
  298/1999     1.44G    0.0591   0.05074    0.3959    0.5058         2       416         1   0.05894   0.07481   0.03577   0.06017   0.02332    0.9708
  299/1999     1.44G   0.05914   0.05094    0.4026    0.5127         3       416         1   0.06032      0.08   0.03753   0.06017   0.02332    0.9713
  300/1999     1.44G   0.05927   0.05059    0.3829    0.4928         3       416         1   0.05965      0.08   0.03766   0.06017   0.02331    0.9717
  301/1999     1.44G   0.05883   0.05051    0.3803    0.4896         5       416         1   0.05953     0.075   0.03563   0.06018   0.02331    0.9728
  302/1999     1.44G    0.0588   0.05096    0.3699    0.4797         1       416         1   0.05946     0.075   0.03563   0.06017   0.02331    0.9806
  303/1999     1.44G   0.05894   0.05057    0.3649    0.4744         2       416         1   0.05957     0.075   0.03566   0.06015   0.02331    0.9805
  304/1999     1.44G   0.05845   0.05101    0.3672    0.4767         4       416         1    0.0598     0.075   0.03566   0.06014    0.0233     0.983
  305/1999     1.44G   0.05842   0.04968    0.3419      0.45         4       416         1   0.06004     0.075   0.03566    0.0601    0.0233    0.9835
  306/1999     1.44G   0.05853   0.05031    0.3339    0.4428         2       416         1   0.05985     0.075    0.0353   0.06004   0.02329    0.9853
  307/1999     1.44G   0.05837   0.05052    0.3729    0.4818         2       416         1   0.06033     0.075   0.03524   0.06001   0.02329    0.9847
  308/1999     1.44G   0.05829   0.05056    0.3779    0.4868         4       416         1   0.06044     0.075    0.0355      0.06   0.02328    0.9791
  309/1999     1.44G    0.0585   0.05024    0.3457    0.4544         3       416         1   0.06019     0.075   0.03595   0.05999   0.02326     0.978
  310/1999     1.44G   0.05841   0.05034    0.3524    0.4612         2       416         1   0.05968     0.075   0.03595   0.05997   0.02326    0.9796
  311/1999     1.44G   0.05872   0.05067    0.3871    0.4965         4       416         1   0.05964      0.08   0.03855   0.05993   0.02326    0.9833
  312/1999     1.44G    0.0584   0.05131    0.4044    0.5141         4       416         1   0.05793      0.07   0.03485   0.05988   0.02327    0.9821
  313/1999     1.44G   0.05875   0.05084    0.3969    0.5065         4       416         1   0.05766      0.07   0.03408   0.05987   0.02327    0.9807
  314/1999     1.44G   0.05885   0.05118    0.3941    0.5041         1       416         1   0.05996      0.07   0.03483    0.0599   0.02326    0.9928
  315/1999     1.44G   0.05926    0.0506    0.4013    0.5112         1       416         1   0.06009      0.07   0.03483   0.05994   0.02325      1.01
  316/1999     1.44G   0.05867   0.05057    0.3895    0.4988         1       416         1   0.05955     0.075   0.03572   0.05997   0.02323     1.027
  317/1999     1.44G   0.05915   0.05039    0.4185     0.528         2       416         1    0.0599     0.075   0.03568      0.06   0.02322     1.043
  318/1999     1.44G   0.05952   0.05108    0.4118    0.5224         1       416         1   0.05875     0.075   0.03714      0.06   0.02321     1.051
  319/1999     1.44G   0.05913   0.05124     0.423    0.5334         6       416         1    0.0561     0.075   0.03694   0.06002    0.0232     1.061
  320/1999     1.44G     0.059   0.05042     0.372    0.4814         1       416         1   0.05677     0.075   0.03715   0.06004   0.02319     1.065
  321/1999     1.44G   0.05877   0.05066     0.366    0.4754         2       416         1   0.05769      0.07   0.03533   0.06005   0.02318     1.064
  322/1999     1.44G   0.05904    0.0505    0.3894    0.4989         1       416    0.8434   0.05756      0.07   0.03507   0.06008   0.02316     1.064
  323/1999     1.44G   0.05961   0.05021    0.3766    0.4864         1       416    0.8436   0.06015     0.075   0.03554   0.06009   0.02316     1.061
  324/1999     1.44G   0.05882   0.05031    0.3692    0.4783         3       416    0.8497   0.05686     0.075   0.03553    0.0601   0.02315     1.058
  325/1999     1.44G   0.05918   0.05176    0.4201    0.5311         4       416     0.846     0.058     0.075   0.03543    0.0601   0.02315     1.063
  326/1999     1.44G   0.05905   0.05122    0.4014    0.5117         1       416    0.8407   0.05734     0.075   0.03548   0.06011   0.02316     1.068
  327/1999     1.44G   0.05903   0.05105    0.3785    0.4885         5       416    0.8421   0.05744     0.075   0.03535   0.06011   0.02316      1.07
  328/1999     1.44G   0.05812   0.05037    0.3858    0.4943         2       416    0.8379    0.0576     0.075   0.03539   0.06011   0.02316     1.074
  329/1999     1.44G   0.05846   0.05013      0.35    0.4586         1       416    0.8372   0.05871     0.075   0.03511   0.06008   0.02317     1.076
  330/1999     1.44G    0.0595   0.05072      0.38    0.4902         1       416    0.8494   0.05871     0.075   0.03511    0.0601   0.02315     1.081
  331/1999     1.44G   0.05899   0.05075    0.4101    0.5198         4       416    0.8559   0.05815      0.07   0.03436   0.06013   0.02313     1.079
  332/1999     1.44G   0.05873    0.0505    0.3637     0.473         3       416    0.8442   0.05788      0.07    0.0344   0.06013   0.02312     1.083
  333/1999     1.44G    0.0587   0.05069    0.3482    0.4576         2       416    0.8271   0.05524   0.06607   0.03227   0.06015   0.02311     1.091
  334/1999     1.44G    0.0585    0.0506    0.4039     0.513         1       416    0.8154   0.05539   0.06607   0.03227   0.06015    0.0231     1.092
  335/1999     1.44G   0.05927   0.05106    0.4137     0.524         1       416     0.802   0.05539   0.06607   0.03211   0.06017    0.0231     1.098
  336/1999     1.44G   0.05884   0.05059    0.3778    0.4873         2       416    0.7835   0.05591   0.06607   0.03214   0.06017    0.0231       1.1
  337/1999     1.44G   0.05813   0.05015     0.359    0.4672         2       416    0.7551   0.05448   0.06607   0.03214   0.06014    0.0231     1.099
  338/1999     1.44G   0.05833   0.05004    0.3501    0.4585         1       416      0.75   0.05647   0.06607    0.0325   0.06012    0.0231     1.102
  339/1999     1.44G   0.05834      0.05    0.3863    0.4947         4       416      0.75   0.05661   0.06607     0.032   0.06011   0.02311     1.101
  340/1999     1.44G   0.05839   0.05043    0.3839    0.4927         2       416      0.75   0.05679   0.06607   0.03165   0.06012   0.02311     1.099
  341/1999     1.44G   0.05869   0.05088    0.3409    0.4505         1       416      0.75   0.05681     0.065   0.03099   0.06013   0.02311     1.099
  342/1999     1.44G   0.05885   0.05043    0.3729    0.4821         1       416      0.75   0.05688   0.06607   0.03206   0.06013   0.02311     1.099
  343/1999     1.44G   0.05919   0.05066    0.3935    0.5034         1       416      0.75   0.05693     0.065   0.03119   0.06011   0.02312     1.096
  344/1999     1.44G    0.0587   0.05083    0.3786    0.4881         1       416      0.75   0.05719   0.06607   0.03261    0.0601   0.02313     1.097
  345/1999     1.44G   0.05882   0.05034    0.3426    0.4518         5       416      0.75    0.0572     0.065   0.03138   0.06009   0.02312     1.102
  346/1999     1.44G   0.05824   0.05055    0.3632     0.472         4       416      0.75   0.05713     0.065   0.03138   0.06008   0.02312      1.11
  347/1999     1.44G   0.05842   0.05002    0.3716      0.48         1       416      0.75   0.05703   0.06607   0.03294   0.06007   0.02312     1.113
  348/1999     1.44G   0.05895   0.05091     0.381    0.4908         2       416      0.75   0.05713   0.06607   0.03252   0.06007   0.02313     1.114
  349/1999     1.44G   0.05865    0.0507    0.3803    0.4897         2       416      0.75   0.05674   0.06607   0.03244   0.06007   0.02313     1.118
  350/1999     1.44G   0.05849   0.05068    0.3606    0.4697         3       416      0.75   0.05637   0.06607   0.03246   0.06007   0.02312     1.116
  351/1999     1.44G   0.05885   0.05014    0.3696    0.4786         3       416      0.75   0.05625   0.06607   0.03246   0.06008   0.02312     1.122
  352/1999     1.44G   0.05848   0.04982    0.3816    0.4899         1       416      0.75   0.05607   0.06607   0.03275   0.06006   0.02312     1.124
  353/1999     1.44G   0.05828   0.05049     0.374    0.4828         4       416      0.75    0.0561   0.06607   0.03358   0.06006   0.02311     1.127
  354/1999     1.44G   0.05928   0.05026    0.3738    0.4834         1       416      0.75   0.05575   0.06607   0.03346   0.06007   0.02309     1.131
  355/1999     1.44G   0.05917   0.05028    0.3814    0.4909         1       416      0.75   0.05523   0.06607   0.03338   0.06007   0.02309     1.135
  356/1999     1.44G    0.0589   0.05051    0.4103    0.5197         2       416      0.75   0.05548   0.06607   0.03289   0.06011   0.02308     1.132
  357/1999     1.44G   0.05871   0.05069    0.3863    0.4957         2       416      0.75   0.05664   0.06607   0.03354   0.06011   0.02308     1.129
  358/1999     1.44G   0.05838   0.05038    0.3549    0.4636         3       416      0.75   0.05573     0.065    0.0324   0.06009   0.02308     1.127
  359/1999     1.44G   0.05865   0.05016    0.3426    0.4514         2       416      0.75   0.05555     0.065   0.03239   0.06008   0.02308     1.128
  360/1999     1.44G   0.05819   0.05033    0.3651    0.4736         2       416      0.75   0.05666   0.06607   0.03421   0.06008   0.02308     1.136
  361/1999     1.44G   0.05809   0.05059    0.3877    0.4964         1       416      0.75   0.05614   0.06607   0.03433   0.06009   0.02308     1.143
  362/1999     1.44G   0.05823   0.05021     0.356    0.4644         1       416      0.75   0.05655   0.06607   0.03372   0.06011   0.02307     1.134
  363/1999     1.44G   0.05826    0.0502    0.3615      0.47         2       416      0.75   0.05678     0.065   0.03232    0.0601   0.02307     1.132
  364/1999     1.44G   0.05861   0.04986    0.3579    0.4664         4       416      0.75   0.05668   0.06607   0.03361   0.06009   0.02307     1.123
  365/1999     1.44G   0.05823   0.04977    0.3429    0.4509         3       416      0.75   0.05547   0.06607    0.0334    0.0601   0.02307     1.126
  366/1999     1.44G   0.05829   0.05062    0.3695    0.4784         1       416      0.75   0.05664   0.06607   0.03339   0.06009   0.02307     1.118
  367/1999     1.44G   0.05825   0.05048    0.3471    0.4558         3       416      0.75   0.05716   0.06607   0.03357   0.06006   0.02307     1.109
  368/1999     1.44G   0.05804   0.05024    0.3621    0.4704         3       416      0.75   0.05763   0.06607   0.03357   0.06004   0.02307     1.103
  369/1999     1.44G   0.05807   0.05042    0.3678    0.4763         3       416      0.75   0.05555     0.065   0.03209   0.06003   0.02306     1.098
  370/1999     1.44G   0.05796   0.05062    0.3676    0.4762         1       416      0.75   0.05882     0.065   0.03219   0.06001   0.02307     1.092
  371/1999     1.44G    0.0576   0.04961    0.3624    0.4697         1       416      0.75   0.05652     0.065   0.03209   0.05997   0.02307     1.085
  372/1999     1.44G   0.05791   0.05075    0.3726    0.4812         1       416      0.75   0.05891     0.065    0.0323   0.05998   0.02307     1.072
  373/1999     1.44G   0.05878   0.05033    0.3852    0.4943         1       416      0.75   0.05795     0.065    0.0319   0.05997   0.02308     1.063
  374/1999     1.44G    0.0581   0.05084    0.3673    0.4763         3       416      0.75   0.06032     0.065   0.03196   0.05993    0.0231     1.051
  375/1999     1.44G   0.05847   0.05101    0.3965     0.506         3       416      0.75   0.06066   0.06607   0.03417    0.0599   0.02312     1.046
  376/1999     1.44G   0.05821   0.05043    0.3813    0.4899         4       416      0.75   0.06131     0.065   0.03236   0.05991   0.02313     1.038
  377/1999     1.44G   0.05885   0.05098    0.3558    0.4656         3       416      0.75   0.06236   0.06607   0.03309   0.05991   0.02313     1.035
  378/1999     1.44G    0.0582   0.05034    0.3622    0.4707         4       416      0.75   0.06226   0.06607   0.03309   0.05991   0.02313     1.037
  379/1999     1.44G    0.0584   0.05011    0.3494     0.458         6       416      0.75   0.06199   0.06607    0.0323    0.0599   0.02312     1.031
  380/1999     1.44G   0.05823   0.04992    0.3375    0.4456         4       416      0.75   0.06132   0.06607   0.03226   0.05988   0.02312     1.023
  381/1999     1.44G    0.0585    0.0502    0.3631    0.4718         4       416      0.75   0.06118   0.06607   0.03226   0.05987   0.02311     1.014
  382/1999     1.44G   0.05856   0.05108    0.4267    0.5364         3       416      0.75   0.06042      0.07   0.03445   0.05989    0.0231     1.014
  383/1999     1.44G   0.05902   0.05069    0.3874    0.4971         5       416      0.75   0.06108      0.07   0.03415   0.05994    0.0231     1.011
  384/1999     1.44G    0.0587   0.05084    0.3495     0.459         1       416      0.75   0.06183      0.07   0.03349   0.05998   0.02309     1.006
  385/1999     1.44G   0.05806   0.05052    0.3563    0.4648         1       416      0.75   0.06228     0.075   0.03461   0.06001   0.02308     1.003
  386/1999     1.44G   0.05867   0.04992    0.3376    0.4462         4       416      0.75   0.06231     0.075   0.03461   0.06006   0.02307    0.9962
  387/1999     1.44G    0.0581   0.05026    0.3641    0.4725         1       416      0.75   0.06228     0.075   0.03486   0.06009   0.02306    0.9963
  388/1999     1.44G   0.05805   0.05102    0.3924    0.5015         3       416      0.75    0.0622     0.075   0.03481    0.0601   0.02307    0.9923
  389/1999     1.44G   0.05853   0.05065     0.376    0.4852         4       416      0.75   0.05981     0.075   0.03499    0.0601   0.02306    0.9911
  390/1999     1.44G   0.05838   0.05012    0.3773    0.4858         2       416      0.75   0.05999      0.07   0.03435   0.06014   0.02305    0.9851
  391/1999     1.44G   0.05919   0.05065    0.3727    0.4825         3       416      0.75   0.05939      0.07   0.03386   0.06018   0.02304    0.9862
  392/1999     1.44G   0.05843   0.05004    0.3466     0.455         3       416      0.75   0.05886      0.07   0.03479   0.06018   0.02303    0.9893
  393/1999     1.44G   0.05837   0.05011    0.3779    0.4864         1       416      0.75    0.0586      0.07   0.03494   0.06018   0.02303    0.9899
  394/1999     1.44G   0.05868   0.05062    0.3573    0.4666         2       416      0.75   0.05908      0.07   0.03435   0.06021   0.02302    0.9938
  395/1999     1.44G   0.05779   0.05049     0.377    0.4852         1       416      0.75   0.06078      0.07   0.03523   0.06024   0.02302    0.9958
  396/1999     1.44G    0.0583    0.0505    0.3673    0.4761         2       416      0.75   0.06187      0.07   0.03523   0.06027   0.02302     1.004
  397/1999     1.44G   0.05822   0.04963    0.3671    0.4749         1       416      0.75   0.06215      0.07   0.03523   0.06028   0.02302      1.01
  398/1999     1.44G   0.05829   0.05034    0.3655    0.4742         1       416      0.75   0.06232      0.07   0.03523   0.06028   0.02302     1.007
  399/1999     1.44G   0.05808   0.05038    0.3653    0.4738         1       416      0.75   0.06271      0.07   0.03516   0.06028   0.02303     1.004
  400/1999     1.44G   0.05838   0.05009    0.3559    0.4644         1       416      0.75   0.06221      0.07   0.03516   0.06026   0.02303     1.005
  401/1999     1.44G    0.0585   0.04962    0.3373    0.4454         1       416      0.75   0.06178      0.07   0.03516   0.06026   0.02303     1.005
  402/1999     1.44G   0.05793    0.0504    0.3644    0.4727         4       416      0.75   0.06215      0.07   0.03516   0.06026   0.02303     1.005
  403/1999     1.44G   0.05868   0.05058    0.3792    0.4885         2       416      0.75   0.06183      0.07   0.03499   0.06029   0.02302     1.002
  404/1999     1.44G    0.0585   0.05113    0.3898    0.4994         4       416      0.75   0.05875      0.07   0.03499   0.06029   0.02301     1.001
  405/1999     1.44G   0.05818   0.04995    0.3817    0.4898         2       416      0.75   0.05625      0.07   0.03469   0.06029   0.02301    0.9986
  406/1999     1.44G   0.05923   0.05097    0.4261    0.5363         2       416      0.75   0.05671   0.06607   0.03263   0.06028     0.023    0.9879
  407/1999     1.44G   0.05868    0.0503    0.3776    0.4866         4       416      0.75   0.05608   0.06607   0.03349    0.0603   0.02299    0.9766
  408/1999     1.44G   0.05865   0.05016    0.3602     0.469         5       416         1   0.05779      0.07   0.03354   0.06033   0.02298     0.966
  409/1999     1.44G   0.05783   0.04978    0.3386    0.4462         1       416         1   0.05767      0.07   0.03349   0.06035   0.02296    0.9566
  410/1999     1.44G   0.05793   0.05048     0.335    0.4434         3       416         1   0.05772      0.07   0.03349   0.06034   0.02295     0.953
  411/1999     1.44G   0.05792   0.04995    0.3587    0.4665         2       416         1   0.05627      0.07   0.03349   0.06035   0.02294    0.9515
  412/1999     1.44G   0.05841   0.05072    0.3664    0.4755         4       416         1   0.05723      0.07   0.03348   0.06037   0.02293    0.9544
  413/1999     1.44G   0.05792    0.0512    0.3788    0.4879         2       416         1   0.05727     0.065   0.03078   0.06038   0.02292    0.9597
  414/1999     1.44G   0.05851   0.04959    0.3432    0.4513         3       416         1   0.05542     0.065    0.0307   0.06037   0.02292    0.9649
  415/1999     1.44G   0.05767    0.0498    0.3737    0.4812         3       416         1   0.05482     0.065    0.0307   0.06037   0.02292    0.9723
  416/1999     1.44G   0.05813   0.05046    0.3664     0.475         2       416         1   0.05479     0.065   0.03065   0.06039   0.02292    0.9759
  417/1999     1.44G   0.05798   0.05071    0.3999    0.5086         0       416         1   0.05504     0.065   0.03088   0.06039   0.02292    0.9844
  418/1999     1.44G    0.0586   0.04981    0.3555     0.464         2       416         1   0.05531     0.065   0.03069   0.06042   0.02292    0.9904
  419/1999     1.44G   0.05809   0.05006    0.3494    0.4575         3       416         1   0.05525      0.07   0.03257   0.06044   0.02292    0.9958
  420/1999     1.44G   0.05844   0.05012    0.3729    0.4815         1       416         1   0.05531      0.07   0.03255   0.06044   0.02291    0.9983
  421/1999     1.44G   0.05825   0.05014    0.3568    0.4652         2       416         1   0.05512      0.07   0.03256   0.06045    0.0229      1.01
  422/1999     1.44G   0.05842   0.05035    0.3625    0.4713         4       416         1   0.05299   0.06607   0.03258   0.06045   0.02289     1.022
  423/1999     1.44G   0.05824   0.05043    0.3634    0.4721         0       416         1   0.05286   0.06607   0.03259   0.06048   0.02288     1.021
  424/1999     1.44G   0.05882   0.05088    0.3569    0.4666         3       416         1   0.05299     0.065   0.03144   0.06052   0.02287     1.028
  425/1999     1.44G   0.05772   0.05002    0.3671    0.4748         1       416         1   0.05301     0.065   0.03158   0.06058   0.02286     1.033
  426/1999     1.44G   0.05866   0.04968    0.3333    0.4416         4       416         1   0.05302     0.065   0.03158    0.0606   0.02285      1.04
  427/1999     1.44G     0.058   0.04996    0.3643    0.4723         3       416         1   0.05317      0.06   0.03017    0.0606   0.02283     1.045
  428/1999     1.44G   0.05833   0.05114    0.3841    0.4936         1       416         1   0.05297      0.06   0.03016   0.06061   0.02282     1.054
  429/1999     1.44G   0.05823   0.05048    0.3879    0.4966         2       416         1   0.05289     0.065   0.03157   0.06062   0.02281     1.059
  430/1999     1.44G    0.0578   0.04991    0.3441    0.4518         1       416         1   0.05298     0.065   0.03144    0.0606    0.0228     1.064
  431/1999     1.44G   0.05767   0.05015    0.3471    0.4549         2       416         1   0.05282     0.065   0.03144   0.06061   0.02279      1.07
  432/1999     1.44G   0.05819   0.05042    0.3925    0.5011         3       416         1    0.0526     0.065   0.03061   0.06063   0.02278      1.08
  433/1999     1.44G   0.05826   0.05019    0.3527    0.4611         1       416         1   0.05247     0.065   0.03063   0.06064   0.02277      1.09
  434/1999     1.44G   0.05796   0.05088    0.3541     0.463         1       416         1   0.05239     0.065   0.02968   0.06067   0.02277     1.098
  435/1999     1.44G   0.05855   0.05059    0.3949     0.504         2       416         1   0.05272   0.06478   0.02975   0.06068   0.02277     1.107
  436/1999     1.44G   0.05835   0.05046    0.3749    0.4837         1       416         1   0.05481   0.06978   0.03085    0.0607   0.02276     1.119
  437/1999     1.44G   0.05825   0.05043    0.3594    0.4681         2       416         1   0.05457   0.06978   0.03092   0.06071   0.02275     1.135
  438/1999     1.44G   0.05795   0.05024    0.3933    0.5015         2       416         1   0.05463   0.06978   0.03092   0.06068   0.02274     1.141
  439/1999     1.44G   0.05915   0.05093    0.3877    0.4978         4       416         1   0.05502   0.06978   0.03098   0.06065   0.02274     1.147
  440/1999     1.44G   0.05874   0.05035    0.3879     0.497         0       416         1   0.05353   0.06478   0.03048   0.06069   0.02273     1.149
  441/1999     1.44G   0.05852   0.05005    0.3661    0.4747         2       416         1   0.05333   0.06478   0.03048   0.06074   0.02272     1.146
  442/1999     1.44G   0.05788   0.05005    0.3423    0.4502         1       416         1    0.0534   0.06478   0.03049   0.06076   0.02271     1.153
  443/1999     1.44G   0.05831   0.05043    0.3504    0.4592         3       416         1   0.05419   0.06478   0.02982   0.06077    0.0227     1.159
  444/1999     1.44G   0.05788   0.05005    0.3246    0.4325         2       416         1   0.05608   0.06478   0.02971   0.06077   0.02269     1.164
  445/1999     1.44G   0.05794   0.05076     0.332    0.4407         4       416         1   0.05677   0.06478   0.02971   0.06078   0.02269     1.165
  446/1999     1.44G   0.05754   0.05047    0.3457    0.4537         3       416         1   0.05677   0.06478   0.02975   0.06077   0.02269     1.168
  447/1999     1.44G   0.05869   0.05017    0.3285    0.4374         2       416         1   0.05958   0.06581   0.03066    0.0608   0.02268      1.18
  448/1999     1.44G   0.05761   0.04979    0.3253    0.4327         5       416         1   0.05856   0.06581   0.02984   0.06081   0.02267     1.188
  449/1999     1.44G   0.05759   0.05022    0.3604    0.4682         1       416         1   0.05895    0.0696   0.03242   0.06083   0.02266     1.193
  450/1999     1.44G   0.05789   0.05042     0.363    0.4713         1       416         1   0.05843    0.0696   0.03218   0.06083   0.02265     1.195
  451/1999     1.44G   0.05794   0.04993    0.3466    0.4545         0       416         1   0.05816    0.0696   0.03212   0.06084   0.02265     1.194
  452/1999     1.44G   0.05775   0.05036    0.3965    0.5046         2       416    0.9821   0.05642   0.07423   0.03342   0.06086   0.02264     1.189
  453/1999     1.44G   0.05818   0.05016    0.3554    0.4637         3       416    0.9765   0.05642   0.07423   0.03342   0.06085   0.02264     1.184
  454/1999     1.44G   0.05739   0.05012    0.3663    0.4738         3       416    0.9753   0.05716   0.07423   0.03347   0.06083   0.02263     1.179
  455/1999     1.44G   0.05757   0.05032    0.3235    0.4313         4       416    0.9757   0.05797   0.07423   0.03342   0.06082   0.02263     1.177
  456/1999     1.44G   0.05789   0.05019    0.3315    0.4396         2       416    0.9758   0.05821   0.07423   0.03342    0.0608   0.02263     1.173
  457/1999     1.44G   0.05737   0.05011    0.3473    0.4548         2       416    0.9758   0.05828   0.07423   0.03323   0.06079   0.02263     1.172
  458/1999     1.44G   0.05777   0.05018    0.3511    0.4591         2       416    0.9757   0.05811   0.07423    0.0337   0.06076   0.02262     1.175
  459/1999     1.44G   0.05805   0.05032    0.3397     0.448         2       416    0.9756   0.05784   0.07423   0.03334   0.06073   0.02262     1.174
  460/1999     1.44G   0.05784   0.04959     0.325    0.4324         2       416    0.9755   0.05752   0.07423   0.03386   0.06069   0.02263     1.166
  461/1999     1.44G   0.05793   0.05039    0.3486    0.4569         4       416    0.9758   0.05819    0.0694   0.03215   0.06068   0.02263     1.166
  462/1999     1.44G   0.05758   0.04971    0.3598    0.4671         3       416    0.9758   0.05823    0.0694   0.03198   0.06065   0.02263     1.164
  463/1999     1.44G   0.05817   0.05075    0.3838    0.4927         1       416     0.976   0.05881    0.0694   0.03198   0.06063   0.02262     1.161
  464/1999     1.44G   0.05786   0.05026    0.3712    0.4793         1       416    0.9758   0.05835    0.0694   0.03213   0.06059   0.02262      1.16
  465/1999     1.44G   0.05752   0.05043    0.3462    0.4541         3       416    0.9757   0.06031    0.0744   0.03224   0.06057   0.02261     1.164
  466/1999     1.44G   0.05733    0.0497    0.3492    0.4562         3       416    0.9758   0.05835    0.0694   0.03199   0.06053    0.0226     1.166
  467/1999     1.44G   0.05757   0.05003    0.3552    0.4628         1       416    0.9756   0.05775    0.0694   0.03222   0.06049   0.02258     1.164
  468/1999     1.44G   0.05822   0.05018    0.3536     0.462         1       416    0.9756   0.06004    0.0744   0.03307   0.06048   0.02257     1.165
  469/1999     1.44G   0.05735   0.04982    0.3495    0.4567         2       416    0.9755   0.05766   0.07426   0.03623   0.06046   0.02256     1.161
  470/1999     1.44G   0.05776   0.04974    0.3314    0.4389         4       416    0.9753   0.05707   0.07426   0.03622   0.06042   0.02256     1.157
  471/1999     1.44G   0.05765   0.05033    0.3479    0.4559         1       416    0.9755   0.05756   0.07426   0.03627    0.0604   0.02255     1.145
  472/1999     1.44G   0.05778   0.04992    0.3274    0.4351         2       416    0.9755   0.05756   0.07426   0.03627   0.06039   0.02255     1.141
  473/1999     1.44G   0.05732   0.04984    0.3483    0.4555         2       416    0.9761   0.05903   0.07426   0.03627   0.06037   0.02254     1.138
  474/1999     1.44G    0.0573   0.04989    0.3318    0.4389         2       416    0.9754   0.05729   0.07426   0.03585   0.06034   0.02254      1.13
  475/1999     1.44G   0.05773   0.05038    0.3327    0.4408         2       416    0.9764   0.05642   0.07426   0.03585   0.06032   0.02254     1.126
  476/1999     1.44G   0.05766   0.05057    0.3399    0.4482         3       416    0.9766   0.05642   0.07426   0.03512   0.06031   0.02253     1.119
  477/1999     1.44G   0.05767   0.04945    0.3335    0.4406         2       416    0.9754   0.05642   0.07426   0.03506    0.0603   0.02253     1.115
  478/1999     1.44G   0.05765   0.05055    0.3755    0.4837         2       416    0.9754   0.05642   0.07404   0.03474    0.0603   0.02254     1.108
  479/1999     1.44G   0.05742   0.05006    0.3596    0.4671         2       416    0.9772   0.05642   0.07387   0.03508   0.06031   0.02253     1.102
  480/1999     1.44G   0.05736   0.04954    0.3569    0.4638         2       416    0.9794   0.05642   0.07838   0.03549   0.06031   0.02252     1.099
  481/1999     1.44G    0.0572   0.04981    0.3573    0.4643         2       416         1   0.05919   0.07862   0.03512   0.06031   0.02252     1.088
  482/1999     1.44G   0.05747   0.04984    0.3276    0.4349         2       416    0.9758    0.0582   0.07838   0.03548   0.06029   0.02252     1.083
  483/1999     1.44G   0.05807   0.05046    0.3781    0.4866         4       416    0.9745   0.05923   0.07862   0.03544   0.06026   0.02252     1.077
  484/1999     1.44G   0.05835   0.05007    0.3477    0.4561         2       416     0.979   0.05923   0.07867   0.03691   0.06027   0.02251     1.071
  485/1999     1.44G   0.05793   0.05014    0.3621    0.4701         4       416    0.9878   0.05923   0.07867   0.03687   0.06027   0.02249     1.065
  486/1999     1.44G   0.05714    0.0505    0.3529    0.4605         5       416     0.989   0.05923   0.07867   0.03689   0.06026   0.02248     1.064
  487/1999     1.44G   0.05792   0.04956    0.3571    0.4646         1       416         1   0.06377   0.08378   0.03851   0.06024   0.02247     1.065
  488/1999     1.44G   0.05768   0.05033    0.3485    0.4565         4       416    0.9909   0.06438   0.08878   0.03997   0.06023   0.02246     1.065
  489/1999     1.44G   0.05701    0.0491    0.3302    0.4363         2       416    0.9789   0.06444   0.08878   0.04067   0.06023   0.02245     1.065
  490/1999     1.44G   0.05733    0.0496    0.3553    0.4622         4       416    0.9784    0.0677   0.08896   0.04074   0.06019   0.02244     1.066
  491/1999     1.44G   0.05777    0.0503    0.3511    0.4591         4       416    0.9797    0.0719   0.08916   0.04119   0.06017   0.02243     1.061
  492/1999     1.44G   0.05786   0.04997    0.3396    0.4474         4       416    0.9794   0.07102   0.08916   0.04128   0.06016   0.02243     1.056
  493/1999     1.44G   0.05714    0.0503    0.3233    0.4307         2       416    0.9801   0.07334   0.08916   0.04147   0.06013   0.02242     1.052
  494/1999     1.44G   0.05661      0.05    0.3274     0.434         2       416    0.9808   0.07598   0.08916   0.04138    0.0601   0.02242     1.049
  495/1999     1.44G   0.05717   0.04925    0.2997    0.4061         1       416    0.9809   0.07622   0.08916   0.04147   0.06008   0.02241     1.049
  496/1999     1.44G   0.05714   0.05069     0.335    0.4429         6       416    0.9809   0.07624   0.08916   0.04206   0.06005   0.02241     1.048
  497/1999     1.44G   0.05747   0.04974    0.3374    0.4446         4       416    0.9806   0.07544   0.08916   0.04299   0.06001    0.0224      1.05
  498/1999     1.44G   0.05753   0.04941    0.3321     0.439         3       416    0.9809   0.07649   0.08933   0.04316   0.05997   0.02239     1.053
  499/1999     1.44G   0.05745   0.04985    0.3522    0.4595         1       416    0.9813   0.07817   0.08933   0.04413   0.05994   0.02239     1.054
  500/1999     1.44G   0.05748    0.0503    0.3281    0.4359         3       416    0.9817   0.07969   0.08935   0.04436   0.05992   0.02238     1.061
  501/1999     1.44G   0.05734   0.05004      0.35    0.4574         2       416    0.9823   0.08238   0.09421   0.04642   0.05991   0.02239     1.065
  502/1999     1.44G   0.05683   0.04972    0.3378    0.4443         1       416    0.9824   0.08299   0.09437   0.04572   0.05991   0.02238     1.068
  503/1999     1.44G   0.05695    0.0503    0.3292    0.4364         2       416    0.9826   0.08419   0.09469     0.046   0.05991   0.02238     1.074
  504/1999     1.44G   0.05753   0.04972    0.3296    0.4369         2       416    0.9828   0.08502   0.09453    0.0459   0.05989   0.02237     1.079
  505/1999     1.44G   0.05709   0.05016    0.3518    0.4591         2       416    0.9829   0.08609   0.09803   0.04648   0.05987   0.02237     1.084
  506/1999     1.44G   0.05766    0.0505    0.3756    0.4838         1       416     0.983    0.0864   0.09803   0.04642   0.05986   0.02236     1.086
  507/1999     1.44G   0.05743   0.05043    0.3507    0.4586         2       416     0.983    0.0865    0.1038   0.04851   0.05986   0.02236     1.093
  508/1999     1.44G   0.05779    0.0496    0.3261    0.4335         2       416     0.966   0.08395   0.09788   0.04786   0.05987   0.02236     1.095
  509/1999     1.44G   0.05719   0.04938     0.349    0.4555         2       416    0.9831   0.08742    0.1038   0.04844   0.05986   0.02235     1.097
  510/1999     1.44G   0.05705   0.04994    0.3567    0.4637         2       416    0.9662     0.085    0.1027   0.04983   0.05984   0.02235     1.094
  511/1999     1.44G   0.05715   0.05019    0.3322    0.4396         1       416    0.9663   0.08578    0.1028   0.05054   0.05981   0.02236     1.097
  512/1999     1.44G   0.05728   0.04952     0.343    0.4498         2       416     0.967   0.08771    0.1028   0.05099    0.0598   0.02235     1.096
  513/1999     1.44G   0.05736   0.05019    0.3487    0.4563         2       416    0.9671    0.0885    0.1074   0.05105   0.05977   0.02236     1.095
  514/1999     1.44G   0.05742   0.04974     0.344    0.4512         2       416    0.9671   0.08906     0.103   0.04992   0.05976   0.02237     1.093
  515/1999     1.44G   0.05741    0.0498    0.3415    0.4487         1       416     0.967   0.08872    0.1076   0.05073   0.05973   0.02237     1.096
  516/1999     1.44G   0.05758   0.05039    0.3359    0.4438         3       416    0.9668   0.08823    0.1076   0.05125   0.05972   0.02236     1.095
  517/1999     1.44G   0.05718   0.05008    0.3352    0.4425         4       416    0.9664   0.08725    0.1077   0.05256   0.05969   0.02237     1.086
  518/1999     1.44G   0.05726   0.04959    0.3342    0.4411         1       416    0.9662   0.08654    0.1079   0.05223    0.0597   0.02236      1.08
  519/1999     1.44G    0.0575   0.05016    0.3705    0.4782         1       416    0.9661   0.08643     0.108    0.0534    0.0597   0.02236     1.077
  520/1999     1.44G   0.05669    0.0502    0.3426    0.4495         4       416    0.9659   0.08591    0.1078   0.05242    0.0597   0.02235     1.072
  521/1999     1.44G   0.05774   0.05027    0.3688    0.4768         3       416    0.9829   0.08867    0.1087   0.05153   0.05969   0.02235     1.067
  522/1999     1.44G   0.05771   0.04985    0.3264     0.434         1       416     0.966    0.0878    0.1077   0.05185   0.05968   0.02235     1.066
  523/1999     1.44G   0.05713   0.04989    0.3288    0.4358         4       416    0.9659    0.0878    0.1077   0.05213   0.05965   0.02234     1.065
  524/1999     1.44G   0.05772   0.04923    0.3196    0.4266         3       416    0.9833   0.09027    0.1086   0.05268   0.05964   0.02234     1.062
  525/1999     1.44G   0.05713   0.04969    0.3234    0.4302         4       416    0.9185   0.09061    0.1088   0.05122   0.05964   0.02234     1.058
  526/1999     1.44G   0.05753   0.05057    0.3607    0.4688         1       416    0.8972    0.0878     0.103   0.04821   0.05965   0.02233     1.061
  527/1999     1.44G   0.05759   0.05024    0.3366    0.4445         4       416    0.8818   0.08746     0.103    0.0488   0.05964   0.02233     1.061
  528/1999     1.44G   0.05738   0.05056    0.3562    0.4641         4       416    0.8766   0.08684     0.103   0.04814   0.05963   0.02233     1.059
  529/1999     1.44G   0.05831   0.05122    0.4117    0.5212         2       416    0.9028   0.09061    0.1039   0.04827   0.05965   0.02233     1.059
  530/1999     1.44G   0.05777   0.05038    0.3556    0.4637         2       416    0.9027   0.08903    0.1039   0.04835   0.05963   0.02234     1.064
  531/1999     1.44G   0.05753   0.05017    0.3545    0.4622         3       416    0.9033   0.09035    0.1039   0.04892   0.05962   0.02234     1.068
  532/1999     1.44G   0.05734   0.05062     0.349    0.4569         2       416    0.9018   0.09061    0.1086   0.05059   0.05964   0.02234     1.069
  533/1999     1.44G   0.05686   0.04992    0.3229    0.4297         2       416     0.903   0.09048    0.1085   0.05086   0.05967   0.02233     1.064
  534/1999     1.44G   0.05705   0.04985    0.3373    0.4442         1       416    0.9008   0.09029    0.1085   0.05057   0.05966   0.02233     1.065
  535/1999     1.44G   0.05742   0.05081    0.3255    0.4337         4       416    0.8843   0.09246    0.1125   0.05182   0.05964   0.02233     1.067
  536/1999     1.44G   0.05735   0.05017    0.3116    0.4191         2       416    0.8837   0.09327    0.1168   0.05367   0.05961   0.02233      1.07
  537/1999     1.44G   0.05633   0.05073    0.3628    0.4699         1       416     0.881   0.09424    0.1214   0.05693    0.0596   0.02233     1.077
  538/1999     1.44G   0.05669   0.05092    0.3344     0.442         2       416    0.8769    0.0923    0.1214   0.05734   0.05957   0.02233     1.078
  539/1999     1.44G   0.05701   0.05051    0.3269    0.4344         2       416    0.8775   0.09456    0.1167   0.05409   0.05957   0.02233     1.079
  540/1999     1.44G    0.0565   0.04963     0.316    0.4222         2       416    0.8776   0.09489    0.1169   0.05461   0.05957   0.02232     1.083
  541/1999     1.44G   0.05665   0.04987    0.3294    0.4359         2       416    0.8758   0.09277    0.1169   0.05451   0.05955   0.02232     1.085
  542/1999     1.44G   0.05721   0.04998    0.3298     0.437         4       416    0.8736    0.0923    0.1169   0.05488   0.05954   0.02231     1.081
  543/1999     1.44G   0.05649    0.0492    0.3171    0.4228         1       416    0.8674   0.09184    0.1169   0.05453   0.05951   0.02231     1.082
  544/1999     1.44G   0.05691   0.05057    0.3255     0.433         2       416    0.8604   0.09061    0.1169   0.05467   0.05951    0.0223     1.084
  545/1999     1.44G     0.057   0.04966    0.3237    0.4303         3       416    0.8531   0.09061    0.1169    0.0551   0.05951   0.02229     1.085
  546/1999     1.44G   0.05633   0.05015    0.3509    0.4574         4       416    0.8458   0.09061     0.117    0.0547   0.05948   0.02228     1.082
  547/1999     1.44G   0.05803   0.05016     0.343    0.4512         4       416    0.8514   0.09124    0.1218   0.05726   0.05946   0.02229     1.079
  548/1999     1.44G   0.05758   0.05063    0.3626    0.4708         2       416    0.8777   0.09366    0.1225   0.05707   0.05946   0.02228     1.071
  549/1999     1.44G   0.05741   0.05012    0.3271    0.4346         1       416    0.9251    0.1012    0.1278   0.05942   0.05945   0.02227     1.068
  550/1999     1.44G   0.05691   0.04971    0.3491    0.4557         1       416    0.9123    0.1013     0.123   0.05693   0.05943   0.02227     1.065
  551/1999     1.44G   0.05682   0.04969    0.3288    0.4353         2       416    0.9124    0.1016     0.123   0.05778   0.05941   0.02226     1.063
  552/1999     1.44G   0.05715   0.05052    0.3621    0.4697         8       416    0.9128     0.102    0.1232   0.05848   0.05939   0.02225     1.059
  553/1999     1.44G   0.05773   0.04992     0.396    0.5036         3       416     0.913    0.1027    0.1232   0.05858   0.05937   0.02226     1.057
  554/1999     1.44G   0.05762   0.05024    0.3458    0.4537         4       416    0.9607    0.1034    0.1232   0.05868   0.05939   0.02226     1.053
  555/1999     1.44G   0.05713   0.05027    0.3411    0.4485         3       416     0.984    0.1025    0.1232   0.05877   0.05939   0.02227     1.059
  556/1999     1.44G   0.05767   0.05003    0.3392    0.4469         4       416    0.9839    0.1018    0.1232   0.05863   0.05938   0.02227     1.062
  557/1999     1.44G   0.05709   0.05005     0.353    0.4602         2       416     0.984    0.1019    0.1232    0.0587   0.05941   0.02227     1.059
  558/1999     1.44G   0.05783    0.0507     0.367    0.4755         3       416     0.984    0.1017    0.1327   0.06276   0.05943   0.02227     1.057
  559/1999     1.44G   0.05712   0.05018    0.3602    0.4676         2       416     0.984    0.1012     0.128   0.06147   0.05946   0.02227     1.055
  560/1999     1.44G   0.05693   0.05061    0.3685     0.476         4       416     0.984    0.1008    0.1281   0.06142   0.05948   0.02227     1.061
  561/1999     1.44G   0.05753   0.04947    0.3396    0.4466         2       416     0.979   0.09933    0.1279   0.06175   0.05951   0.02226     1.064
  562/1999     1.44G    0.0573   0.05015    0.3342    0.4417         3       416     0.984   0.09999    0.1287   0.06263   0.05953   0.02226     1.063
  563/1999     1.44G   0.05703   0.05026    0.3594    0.4667         3       416    0.9841    0.0998    0.1287   0.06339   0.05954   0.02226     1.064
  564/1999     1.44G   0.05738   0.05113    0.3823    0.4908         3       416     0.984   0.09898    0.1285   0.06418   0.05953   0.02226     1.069
  565/1999     1.44G   0.05743   0.05029    0.3532    0.4609         2       416     0.984   0.09887    0.1329   0.06434   0.05953   0.02224     1.074
  566/1999     1.44G   0.05706   0.04987    0.3457    0.4527         1       416    0.9839   0.09873    0.1335   0.06449   0.05953   0.02224     1.081
  567/1999     1.44G   0.05697   0.04982    0.3372     0.444         1       416    0.9835   0.09675     0.133   0.06476    0.0595   0.02224     1.085
  568/1999     1.44G   0.05824   0.05017    0.3624    0.4708         4       416    0.9833   0.09675    0.1283    0.0635   0.05949   0.02225     1.091
  569/1999     1.44G   0.05782   0.04998    0.3357    0.4435         1       416    0.9833   0.09811    0.1285     0.064   0.05952   0.02225     1.096
  570/1999     1.44G   0.05693   0.05003    0.3264    0.4334         1       416    0.9833   0.09791    0.1284   0.06398   0.05954   0.02225       1.1
  571/1999     1.44G   0.05713   0.04926    0.3296     0.436         2       416    0.9834   0.09802    0.1285   0.06338   0.05953   0.02226     1.103
  572/1999     1.44G   0.05708   0.05011    0.3451    0.4523         4       416    0.9833   0.09768    0.1237   0.06077   0.05951   0.02226     1.099
  573/1999     1.44G   0.05686   0.05045    0.3171    0.4244         4       416    0.9833   0.09724    0.1236   0.05925    0.0595   0.02226     1.103
  574/1999     1.44G   0.05681   0.04988    0.3444    0.4511         4       416    0.9836   0.09875    0.1236   0.06091   0.05948   0.02226     1.103
  575/1999     1.44G   0.05641   0.05035     0.355    0.4618         2       416    0.9838   0.09787    0.1236   0.06084   0.05945   0.02228     1.103
  576/1999     1.44G   0.05774   0.05077    0.3779    0.4864         2       416    0.9839    0.0966    0.1239   0.06124   0.05945   0.02228     1.105
  577/1999     1.44G   0.05711   0.05012     0.357    0.4642         2       416     0.984   0.09676    0.1328   0.06301   0.05948   0.02228       1.1
  578/1999     1.44G   0.05703   0.04939    0.3408    0.4472         1       416    0.9841   0.09725    0.1284   0.06195   0.05947   0.02228     1.099
  579/1999     1.44G   0.05703    0.0503    0.3314    0.4387         3       416    0.9844   0.09927    0.1275   0.06202   0.05946   0.02228     1.094
  580/1999     1.44G     0.058   0.05066    0.3503    0.4589         3       416    0.9846    0.1004    0.1276   0.06135    0.0595   0.02228      1.09
  581/1999     1.44G   0.05686   0.05084    0.3348    0.4425         1       416    0.9847    0.1012    0.1276   0.06004   0.05954   0.02228     1.094
  582/1999     1.44G   0.05709   0.04962    0.3474    0.4541         3       416    0.9847     0.101    0.1276   0.06102   0.05957   0.02228     1.094
