     0/499     1.54G   0.08408   0.05518    0.8881     1.027        47       416         0         0  0.007624  0.001312   0.07983   0.02858      1.08
     1/499     1.46G   0.08095   0.05464    0.8539    0.9895        34       416         0         0   0.01099  0.002578   0.07764   0.03057    0.9659
     2/499     1.46G   0.08033   0.05559     0.862    0.9979        39       416         0         0   0.00836  0.001509   0.07852   0.02991     1.066
     3/499     1.46G   0.08024   0.05687    0.8854     1.023        40       416         0         0  0.002463 0.0003645   0.07957   0.03053     1.043
     4/499     1.46G   0.07741   0.05875    0.8717     1.008        36       416         0         0  0.007002  0.001348   0.07865   0.03104      1.01
     5/499     1.46G    0.0757    0.0604    0.8737      1.01        45       416         0         0   0.00241 0.0003928   0.07948   0.03102     1.006
     6/499     1.46G   0.07603   0.05955     0.868     1.004        34       416         0         0  0.006895  0.001082   0.07865    0.0307     1.027
     7/499     1.46G   0.07605   0.05981    0.8721     1.008        33       416         0         0  0.005588  0.001021   0.07837   0.03065     0.989
     8/499     1.46G   0.07568   0.06001    0.8614    0.9971        33       416         0         0  0.002161 0.0003495   0.07892   0.03107    0.9562
     9/499     1.46G    0.0766   0.05904    0.8627    0.9984        43       416    0.3333  0.002625  0.009661  0.001284   0.07753   0.03098    0.9537
    10/499     1.46G   0.07627   0.05933    0.8629    0.9985        41       416         0         0  0.006108 0.0009655    0.0773   0.03039    0.8999
    11/499     1.46G   0.07632   0.05909    0.8538    0.9892        34       416         0         0  0.006302 0.0009509   0.07719   0.03178    0.9857
    12/499     1.46G   0.07818   0.05784    0.8564    0.9924        43       416         0         0  0.005119 0.0008878   0.07756   0.03011     1.008
    13/499     1.46G   0.07772   0.05753    0.8659     1.001        40       416         0         0  0.006293 0.0009059   0.07721   0.03018    0.9202
    14/499     1.46G    0.0764   0.05942    0.8622     0.998        42       416         0         0  0.004751 0.0007109    0.0761   0.03143    0.9158
    15/499     1.46G   0.07711   0.05819    0.8646    0.9999        39       416         0         0   0.02187  0.003975    0.0762   0.03099    0.9788
    16/499     1.46G   0.07718   0.05866     0.855    0.9909        35       416         0         0    0.0138  0.002306   0.07562   0.03106     1.019
    17/499     1.46G     0.076   0.05966    0.8657     1.001        41       416         0         0   0.01146  0.002168   0.07647   0.03133    0.9371
    18/499     1.46G   0.07555   0.05937    0.8564    0.9913        42       416         0         0   0.01107  0.001812   0.07651   0.03077    0.9673
    19/499     1.46G    0.0761   0.05893    0.8553    0.9903        36       416         0         0    0.0161  0.002926   0.07733   0.02951    0.9564
    20/499     1.46G   0.07696   0.05842    0.8548    0.9901        39       416         0         0   0.01613  0.002902   0.07536   0.03016     0.932
    21/499     1.46G   0.07687   0.05849    0.8576    0.9929        41       416         0         0   0.02207  0.003645   0.07545   0.03096    0.9018
    22/499     1.46G   0.07572   0.05902     0.855    0.9898        34       416         0         0   0.01898  0.003335    0.0761   0.02984    0.9588
    23/499     1.46G   0.07655   0.05857    0.8525    0.9876        34       416    0.3333  0.002625   0.01701  0.002819   0.07674   0.03062     0.943
    24/499     1.46G   0.07612   0.05894    0.8489     0.984        40       416    0.3333  0.002625   0.01571  0.002949   0.07661    0.0306    0.9513
    25/499     1.46G   0.07571   0.05963    0.8433    0.9786        32       416         0         0  0.007754  0.001448   0.07784   0.03009    0.9154
    26/499     1.46G   0.07608   0.05849    0.8482    0.9828        42       416         0         0   0.01035  0.001727   0.07725   0.03057    0.9279
    27/499     1.46G   0.07586   0.05906    0.8419    0.9768        44       416         0         0  0.009515  0.001562   0.07592   0.03104    0.9194
    28/499     1.46G   0.07697   0.05767    0.8361    0.9707        41       416         0         0    0.0144  0.002223    0.0765   0.03029    0.8856
    29/499     1.46G   0.07707   0.05736    0.8421    0.9766        38       416         0         0    0.0104  0.001646   0.07756   0.03064     0.927
    30/499     1.46G    0.0772   0.05763    0.8441    0.9789        43       416         0         0   0.02432  0.004514   0.07661   0.03082    0.9213
    31/499     1.46G    0.0744   0.06081    0.8342    0.9694        44       416         0         0   0.02416  0.004078   0.07591   0.03116    0.9229
    32/499     1.46G   0.07371   0.06073    0.8373    0.9717        41       416         0         0     0.032  0.006069   0.07537   0.03121    0.8718
    33/499     1.46G    0.0743   0.06051    0.8391    0.9739        47       416    0.3333  0.002625   0.02023  0.003849   0.07537   0.03109    0.9105
    34/499     1.46G   0.07394   0.06062    0.8427    0.9772        35       416         0         0   0.01614  0.002991   0.07568   0.03135    0.8568
    35/499     1.46G   0.07365   0.06003    0.8317    0.9653        38       416    0.3333  0.002545   0.01581  0.002724   0.07527   0.03117    0.8793
    36/499     1.46G   0.07413   0.06047    0.8365    0.9711        30       416         0         0   0.01526  0.002502   0.07621    0.0306    0.8385
    37/499     1.46G   0.07449   0.05975    0.8275    0.9617        37       416    0.3333  0.002545  0.009081  0.001736   0.07584   0.03089    0.8237
    38/499     1.46G   0.07522    0.0594    0.8334    0.9681        43       416         0         0  0.006768  0.001105   0.07672   0.03075    0.8018
    39/499     1.46G   0.07475   0.05939      0.82    0.9542        40       416         0         0   0.01314  0.002265   0.07551   0.03131    0.8203
    40/499     1.46G   0.07416   0.05977    0.8226    0.9566        46       416         0         0   0.01853  0.003025   0.07563   0.03078    0.7937
    41/499     1.46G   0.07371   0.06027    0.8182    0.9522        39       416         0         0   0.01867  0.003198   0.07549   0.03114    0.7855
    42/499     1.46G   0.07419   0.05972    0.8153    0.9492        46       416         0         0   0.01678  0.003155   0.07533   0.03079     0.785
    43/499     1.46G   0.07483   0.05851    0.8142    0.9475        30       416         0         0   0.01709  0.003148   0.07544   0.03076     0.786
    44/499     1.46G   0.07502   0.05943    0.8163    0.9507        41       416         0         0   0.01838  0.003551   0.07602   0.02974    0.7801
    45/499     1.46G   0.07431   0.05909    0.8035    0.9369        28       416         0         0   0.01383   0.00275   0.07587   0.02981    0.7792
    46/499     1.46G   0.07493   0.05892    0.8016    0.9354        42       416         0         0   0.01684  0.003139   0.07562   0.02991    0.7773
    47/499     1.46G   0.07467   0.05801    0.7888    0.9214        53       416    0.3333  0.002625    0.0206  0.004692   0.07543   0.03004    0.7658
    48/499     1.46G   0.07481    0.0586    0.8018    0.9352        38       416    0.2618  0.005249   0.02716  0.005143   0.07513   0.03026    0.7668
    49/499     1.46G   0.07445   0.05873    0.7942    0.9273        35       416    0.4175   0.01304   0.02981  0.005733   0.07516   0.03033    0.7603
    50/499     1.46G   0.07418   0.05854    0.7926    0.9253        40       416   0.06255  0.005249   0.02422   0.00526   0.07542   0.03042    0.7615
    51/499     1.46G   0.07468   0.05882    0.7891    0.9226        36       416   0.06227  0.005249   0.02439  0.005095   0.07542   0.03019    0.7527
    52/499     1.46G   0.07505   0.05909    0.7901    0.9243        33       416   0.06104  0.005249   0.02582  0.004912    0.0749    0.0303    0.7535
    53/499     1.46G    0.0745   0.05866    0.7874    0.9206        33       416    0.0552   0.01312   0.02997  0.005759   0.07473   0.03028    0.7585
    54/499     1.46G   0.07374   0.05862    0.7771    0.9095        26       416   0.04814   0.01837   0.03001  0.005347   0.07476   0.03019    0.7547
    55/499     1.46G   0.07382   0.05858    0.7789    0.9113        34       416   0.04784     0.021   0.03013   0.00506   0.07473   0.03009    0.7543
    56/499     1.46G   0.07354   0.05903    0.7678    0.9003        41       416   0.04517   0.02058   0.03156  0.005493   0.07471   0.03021      0.75
    57/499     1.46G   0.07346   0.05854    0.7676    0.8996        37       416   0.05785   0.02625   0.03312  0.006243    0.0745   0.03024    0.7433
    58/499     1.46G   0.07347   0.05888    0.7612    0.8936        41       416   0.05966   0.02887   0.03492  0.006625    0.0744   0.03032    0.7437
    59/499     1.46G   0.07337   0.05829    0.7639    0.8956        28       416    0.3998   0.03667   0.04045  0.007115   0.07432   0.03038    0.7449
    60/499     1.46G   0.07384   0.05812    0.7571    0.8891        39       416    0.3921   0.03404   0.04344  0.007245   0.07431    0.0303    0.7433
    61/499     1.46G   0.07296   0.05883    0.7628    0.8945        33       416    0.3922   0.04086    0.0447  0.007435   0.07432   0.03028    0.7425
    62/499     1.46G   0.07257   0.05927    0.7595    0.8914        39       416    0.3969   0.04979   0.04768  0.007856   0.07442   0.03022    0.7407
    63/499     1.46G   0.07297   0.05781    0.7535    0.8843        47       416    0.3835   0.04979    0.0491  0.008239   0.07433   0.03019    0.7377
    64/499     1.46G   0.07252   0.05795    0.7503    0.8808        46       416    0.3806   0.05375   0.05004  0.009218   0.07426   0.03016    0.7367
    65/499     1.46G   0.07261   0.05761    0.7344    0.8646        29       416    0.3833    0.0669   0.05012  0.009099   0.07422   0.03013    0.7348
    66/499     1.46G    0.0731    0.0575    0.7445    0.8751        36       416    0.7175   0.06839   0.05639  0.009844   0.07416   0.03008    0.7349
    67/499     1.46G   0.07223   0.05805    0.7495    0.8798        33       416    0.7205   0.06554   0.05896  0.009798   0.07411   0.02996    0.7345
    68/499     1.46G   0.07269   0.05786    0.7392    0.8698        38       416    0.7193   0.06554   0.05813   0.01107   0.07406   0.02986    0.7345
    69/499     1.46G   0.07212   0.05854      0.73    0.8607        43       416    0.7184   0.06029    0.0591   0.01116   0.07403   0.02977     0.734
    70/499     1.46G   0.07193   0.05801    0.7315    0.8615        37       416     0.716   0.05241   0.06041   0.01116   0.07399   0.02963    0.7333
    71/499     1.46G   0.07156   0.05762    0.7166    0.8458        42       416    0.7156   0.04716   0.05985   0.01134   0.07398   0.02949    0.7342
    72/499     1.46G   0.07172   0.05801    0.7268    0.8565        36       416    0.7208   0.04693    0.0592   0.01199   0.07401   0.02935    0.7335
    73/499     1.46G   0.07078   0.05795    0.7237    0.8525        35       416    0.7202   0.04191   0.06222   0.01331   0.07402   0.02927    0.7338
    74/499     1.46G   0.07116   0.05692    0.7158    0.8439        43       416    0.7225   0.03667    0.0626   0.01339   0.07404   0.02915    0.7354
    75/499     1.46G   0.07126   0.05803    0.7164    0.8457        43       416    0.7252   0.03255   0.06294   0.01341   0.07402   0.02906    0.7366
    76/499     1.46G   0.07208   0.05751    0.7158    0.8454        41       416    0.7299   0.02879   0.05954   0.01339   0.07401   0.02901    0.7373
    77/499     1.46G   0.07061   0.05832    0.7115    0.8404        35       416    0.7426   0.02879   0.05845     0.013   0.07403   0.02896    0.7389
    78/499     1.46G   0.07038   0.05837     0.705    0.8337        32       416     0.732   0.02092   0.05818   0.01348   0.07405   0.02893    0.7426
    79/499     1.46G   0.06965   0.05791    0.7005    0.8281        44       416    0.7205    0.0163      0.06   0.01281   0.07408   0.02888    0.7448
    80/499     1.46G   0.06951   0.05805    0.6966    0.8241        30       416    0.7098   0.01304   0.05833   0.01257    0.0741   0.02885    0.7455
    81/499     1.46G   0.06912    0.0587    0.6984    0.8262        38       416    0.7203   0.01304   0.05885   0.01249   0.07415   0.02883    0.7472
    82/499     1.46G    0.0682   0.05807    0.7016    0.8279        41       416    0.7269   0.01304   0.05763   0.01236   0.07419   0.02879    0.7491
    83/499     1.46G   0.06859   0.05829    0.6942    0.8211        32       416    0.7203   0.01042   0.05317   0.01132   0.07426   0.02878    0.7513
    84/499     1.46G   0.06842   0.05833     0.697    0.8238        48       416    0.7345   0.01042   0.05699   0.01164   0.07433   0.02877    0.7538
    85/499     1.46G   0.06808   0.05859     0.693    0.8196        40       416     0.409  0.007874   0.05005   0.01088   0.07441   0.02878    0.7562
    86/499     1.46G   0.06811   0.05857    0.6776    0.8043        39       416    0.4059  0.005249   0.05022   0.01079   0.07449   0.02873    0.7604
    87/499     1.46G    0.0678   0.05849     0.674    0.8003        48       416    0.4205  0.005249   0.04618   0.01001   0.07459   0.02871    0.7645
    88/499     1.46G   0.06842   0.05826    0.6711    0.7978        45       416    0.4476  0.005249   0.04649   0.01006    0.0747   0.02868    0.7686
    89/499     1.46G    0.0682   0.05811    0.6769    0.8032        53       416    0.4667  0.005249   0.04641  0.009792    0.0748   0.02867    0.7726
    90/499     1.46G   0.06808   0.05801    0.6716    0.7977        56       416    0.4872  0.005249   0.04758   0.01039   0.07489   0.02864    0.7767
    91/499     1.46G    0.0674   0.05774    0.6711    0.7962        46       416    0.6667  0.005249   0.05084   0.01037   0.07496   0.02862      0.78
    92/499     1.46G   0.06704   0.05808    0.6718     0.797        34       416    0.6667  0.005249   0.04998   0.01045   0.07505    0.0286    0.7829
    93/499     1.46G    0.0671   0.05827    0.6602    0.7856        36       416    0.6667  0.005249   0.04852   0.01017   0.07512   0.02858    0.7861
    94/499     1.46G   0.06697   0.05851    0.6655     0.791        41       416    0.6667  0.005249    0.0482  0.009888   0.07521   0.02856    0.7888
    95/499     1.46G   0.06701   0.05799    0.6544    0.7794        42       416    0.6667  0.005249   0.04708    0.0096   0.07529   0.02853    0.7918
    96/499     1.46G   0.06677   0.05827    0.6502    0.7753        42       416    0.6667  0.005249   0.04622  0.009215   0.07538    0.0285    0.7946
    97/499     1.46G   0.06638   0.05828    0.6526    0.7773        33       416    0.6667  0.005249   0.04457  0.008988   0.07547   0.02848     0.797
    98/499     1.46G   0.06664   0.05796    0.6503    0.7749        31       416    0.3333  0.002625   0.04469  0.008914   0.07554   0.02846    0.8002
    99/499     1.46G   0.06636   0.05806    0.6536     0.778        31       416    0.3333  0.002625   0.04355  0.008252   0.07561   0.02845    0.8033
   100/499     1.46G   0.06634   0.05796    0.6398    0.7641        49       416    0.3333  0.002625   0.04324  0.007935   0.07567   0.02843    0.8062
   101/499     1.46G   0.06609   0.05773    0.6363    0.7601        36       416    0.3333  0.002625   0.04316  0.008721   0.07573   0.02842    0.8093
   102/499     1.46G    0.0659   0.05729    0.6361    0.7593        36       416    0.3333  0.002625   0.04283  0.008534   0.07577   0.02839    0.8121
   103/499     1.46G   0.06602   0.05813    0.6316    0.7558        41       416    0.3333  0.002625   0.04274  0.008466    0.0758   0.02837    0.8149
   104/499     1.46G   0.06594   0.05805    0.6282    0.7522        31       416    0.3333  0.002625   0.04247  0.008345   0.07583   0.02835    0.8181
   105/499     1.46G   0.06547   0.05844    0.6347    0.7586        34       416    0.3333  0.002625   0.04256  0.008092   0.07585   0.02833    0.8211
   106/499     1.46G   0.06538   0.05803    0.6186     0.742        43       416    0.3333  0.002625   0.04216   0.00756   0.07588   0.02831    0.8233
   107/499     1.46G    0.0655   0.05783     0.628    0.7513        44       416    0.3333  0.002625   0.04219  0.007548    0.0759   0.02829    0.8256
   108/499     1.46G   0.06575   0.05769     0.621    0.7445        47       416    0.3333  0.002625   0.04162  0.007331   0.07592   0.02826    0.8276
   109/499     1.46G   0.06536   0.05788    0.6137    0.7369        38       416    0.3333  0.002625   0.04133  0.007212   0.07594   0.02824    0.8297
   110/499     1.46G   0.06531   0.05765    0.6108    0.7338        38       416    0.3333  0.002625   0.04113   0.00716   0.07596   0.02823    0.8318
   111/499     1.46G     0.065   0.05822    0.6073    0.7305        43       416    0.3333  0.002625   0.04087  0.007015   0.07598   0.02821    0.8343
   112/499     1.46G   0.06473   0.05803    0.6085    0.7313        29       416    0.3333  0.002625   0.04043  0.006996   0.07598   0.02818    0.8367
   113/499     1.46G   0.06491   0.05803    0.6105    0.7334        37       416    0.3333  0.002625   0.04008  0.006772   0.07599   0.02816     0.839
   114/499     1.46G   0.06512   0.05811    0.6106    0.7339        44       416    0.3333  0.002625   0.04051  0.006844   0.07599   0.02814    0.8414
   115/499     1.46G   0.06474   0.05754    0.6036    0.7259        29       416    0.3333  0.002625   0.04098  0.006961   0.07598   0.02812    0.8433
   116/499     1.46G   0.06443   0.05735    0.5949    0.7167        34       416    0.3333  0.002625   0.03797   0.00667   0.07598    0.0281    0.8449
   117/499     1.46G   0.06453   0.05711    0.6049    0.7265        38       416    0.3333  0.002625   0.03931  0.006874   0.07597   0.02807    0.8465
   118/499     1.46G    0.0645   0.05722    0.5964    0.7181        39       416    0.3333  0.002625   0.03933  0.006989   0.07596   0.02804    0.8479
   119/499     1.46G   0.06426   0.05748    0.5844    0.7061        32       416    0.3333  0.002625   0.03853  0.006903   0.07595   0.02801    0.8498
   120/499     1.46G   0.06425   0.05739    0.5873     0.709        42       416    0.3333  0.002625    0.0378  0.006921   0.07593   0.02798    0.8515
   121/499     1.46G   0.06383   0.05744    0.5877     0.709        28       416    0.3333  0.002625   0.03701  0.007052   0.07591   0.02795    0.8534
   122/499     1.46G   0.06392    0.0572     0.572    0.6931        46       416    0.3333  0.002625   0.03676  0.006945   0.07588   0.02791     0.855
   123/499     1.46G   0.06425   0.05682    0.5847    0.7058        42       416    0.3333  0.002625    0.0371  0.007074   0.07585   0.02788    0.8562
   124/499     1.46G     0.064   0.05742    0.5824    0.7038        44       416    0.3333  0.002625   0.03717  0.007037   0.07582   0.02785    0.8574
   125/499     1.46G   0.06338   0.05732    0.5691    0.6899        43       416    0.3333  0.002625   0.03777  0.007182   0.07579   0.02783     0.859
   126/499     1.46G    0.0635   0.05747    0.5833    0.7043        42       416    0.3333  0.002625   0.03908  0.007477   0.07576    0.0278    0.8599
   127/499     1.46G   0.06355   0.05709    0.5762    0.6968        31       416    0.3333  0.002625   0.03957  0.007593   0.07574   0.02778    0.8615
   128/499     1.46G   0.06351   0.05658    0.5749     0.695        43       416    0.3333  0.002625   0.03925  0.007783   0.07572   0.02775    0.8631
   129/499     1.46G   0.06356   0.05704    0.5739    0.6945        32       416    0.3333  0.002625   0.04002  0.007846    0.0757   0.02773     0.865
   130/499     1.46G   0.06322   0.05666    0.5624    0.6823        30       416    0.3333  0.002625    0.0402  0.007835   0.07566    0.0277    0.8668
   131/499     1.46G   0.06329   0.05672    0.5617    0.6817        47       416    0.3333  0.002625   0.04057    0.0079   0.07563   0.02767     0.869
   132/499     1.46G   0.06329   0.05718    0.5622    0.6827        45       416    0.3333  0.002625   0.04064  0.007811   0.07561   0.02764    0.8708
   133/499     1.46G   0.06265   0.05704    0.5701    0.6897        33       416    0.3333  0.002625   0.04071  0.007847   0.07557   0.02761    0.8726
   134/499     1.46G    0.0629   0.05671    0.5561    0.6758        41       416    0.3333  0.002625   0.04142  0.007961   0.07554   0.02757    0.8735
   135/499     1.46G   0.06276    0.0579    0.5628    0.6835        41       416    0.3333  0.002625   0.04238   0.00823   0.07552   0.02754    0.8747
   136/499     1.46G   0.06287   0.05716    0.5442    0.6642        33       416    0.3333  0.002625   0.04227  0.008277   0.07548   0.02752    0.8749
   137/499     1.46G   0.06281   0.05707    0.5446    0.6644        41       416    0.3333  0.002625   0.04323  0.008452   0.07543   0.02749    0.8749
   138/499     1.46G    0.0626   0.05683    0.5602    0.6796        28       416    0.3333  0.002625   0.04496  0.008744    0.0754   0.02747    0.8756
   139/499     1.46G   0.06234   0.05669     0.556    0.6751        37       416    0.3333  0.002625   0.04539  0.008846   0.07536   0.02744    0.8763
   140/499     1.46G   0.06224   0.05611    0.5493    0.6677        42       416    0.3333  0.002625   0.04609  0.009142   0.07533   0.02741     0.877
   141/499     1.46G   0.06216   0.05664     0.541    0.6598        38       416    0.3333  0.002625   0.04725  0.009382    0.0753   0.02737    0.8774
   142/499     1.46G   0.06166   0.05692    0.5444     0.663        44       416    0.3333  0.002625   0.04856  0.009719   0.07526   0.02734    0.8779
   143/499     1.46G   0.06245   0.05702    0.5422    0.6617        32       416    0.3333  0.002625   0.04963   0.01004   0.07523    0.0273    0.8784
   144/499     1.46G   0.06207   0.05635    0.5302    0.6486        36       416    0.3333  0.002625   0.05037   0.01029   0.07519   0.02725    0.8792
   145/499     1.46G   0.06245   0.05707    0.5339    0.6534        51       416    0.3333  0.002625   0.05108  0.009829   0.07515   0.02721    0.8799
   146/499     1.46G   0.06207   0.05646    0.5333    0.6518        43       416    0.3333  0.002625    0.0522   0.01031   0.07511   0.02718      0.88
   147/499     1.46G   0.06175   0.05692    0.5278    0.6465        36       416    0.3333  0.002625   0.05349   0.01039   0.07507   0.02714    0.8804
   148/499     1.46G   0.06117    0.0564    0.5334    0.6509        37       416    0.3333  0.002625   0.05535   0.01075   0.07503   0.02711    0.8809
   149/499     1.46G   0.06134   0.05655    0.5221      0.64        30       416    0.3333  0.002625   0.05587   0.01102   0.07499   0.02707    0.8805
   150/499     1.46G    0.0613   0.05639     0.522    0.6397        43       416    0.3333  0.002625   0.05871   0.01158   0.07496   0.02704      0.88
   151/499     1.46G   0.06143    0.0564    0.5269    0.6447        44       416    0.3333  0.002625   0.06168   0.01226   0.07493   0.02701      0.88
   152/499     1.46G   0.06131   0.05639    0.5233     0.641        32       416    0.3333  0.002625   0.06332    0.0126   0.07489   0.02698    0.8803
   153/499     1.46G   0.06145   0.05654    0.5219    0.6399        41       416    0.3333  0.002625   0.06391   0.01331   0.07485   0.02695    0.8815
   154/499     1.46G    0.0613   0.05629    0.5222    0.6398        47       416    0.3333  0.002625    0.0678   0.01394   0.07481   0.02691    0.8826
   155/499     1.46G   0.06151    0.0563    0.5254    0.6432        40       416    0.3333  0.002625   0.06759   0.01402   0.07476   0.02688    0.8845
   156/499     1.46G   0.06128   0.05657    0.5201     0.638        37       416    0.3333  0.002625   0.07012   0.01439   0.07472   0.02685    0.8847
   157/499     1.46G   0.06071   0.05609    0.5126    0.6294        36       416    0.3333  0.002625   0.07067   0.01479   0.07468   0.02682     0.886
   158/499     1.46G   0.06121   0.05572    0.5162    0.6331        37       416    0.3333  0.002625    0.0719   0.01546   0.07464   0.02679     0.887
   159/499     1.46G   0.06067   0.05596    0.5075    0.6242        26       416         0         0   0.07382   0.01563    0.0746   0.02676    0.8871
   160/499     1.46G   0.06079   0.05618    0.5063    0.6233        33       416    0.3333  0.002625   0.07767   0.01684   0.07455   0.02673    0.8864
   161/499     1.46G   0.06061   0.05585    0.4998    0.6162        41       416    0.3333  0.002625   0.08017     0.017   0.07448   0.02669    0.8858
   162/499     1.46G    0.0607   0.05602    0.4979    0.6146        42       416    0.3333  0.002625    0.0814   0.01712   0.07442   0.02665     0.885
   163/499     1.46G   0.06067   0.05548    0.5013    0.6175        38       416    0.3333  0.002625   0.08497   0.01808   0.07437   0.02661    0.8848
   164/499     1.46G   0.06054   0.05606     0.499    0.6156        36       416    0.3333  0.002625   0.08723   0.01824   0.07431   0.02658    0.8841
   165/499     1.46G   0.06055     0.056    0.5071    0.6236        45       416    0.3333  0.002625   0.08916   0.01816   0.07425   0.02655    0.8823
   166/499     1.46G   0.06043   0.05516    0.4947    0.6103        42       416    0.3333  0.002625   0.09142   0.01842    0.0742   0.02653    0.8807
   167/499     1.46G   0.06039    0.0558    0.5064    0.6226        32       416    0.3333  0.002625   0.09353   0.01878   0.07415   0.02649    0.8808
   168/499     1.46G   0.06061   0.05608    0.4946    0.6113        38       416    0.3333  0.002625   0.09454   0.01876   0.07408   0.02646    0.8793
   169/499     1.46G   0.06026   0.05576    0.4972    0.6132        33       416    0.3333  0.002625   0.09491   0.01871   0.07401   0.02643    0.8781
   170/499     1.46G   0.05998   0.05584    0.4946    0.6104        46       416    0.3333  0.002625   0.09755   0.01903   0.07396    0.0264    0.8767
   171/499     1.46G   0.06019   0.05608    0.4931    0.6094        32       416    0.3333  0.002625   0.09819   0.01937    0.0739   0.02636    0.8754
   172/499     1.46G   0.05995    0.0562    0.5031    0.6193        29       416    0.3333  0.002625    0.1017   0.01956   0.07384   0.02633    0.8744
   173/499     1.46G   0.05988   0.05569     0.487    0.6026        42       416    0.3333  0.002625    0.1029      0.02   0.07378   0.02629    0.8733
   174/499     1.46G   0.05984   0.05507    0.4891     0.604        40       416    0.3333  0.002625    0.1048   0.01983    0.0737   0.02626     0.873
   175/499     1.46G   0.06009   0.05559     0.498    0.6137        32       416    0.3333  0.002625     0.107   0.02013   0.07363   0.02623    0.8705
   176/499     1.46G   0.05986   0.05573    0.4829    0.5985        39       416    0.3333  0.002625     0.108   0.02053   0.07355    0.0262    0.8676
   177/499     1.46G   0.05958   0.05538    0.4887    0.6037        40       416    0.3333  0.002625    0.1142   0.02144   0.07346   0.02618    0.8657
   178/499     1.46G    0.0596   0.05551    0.4778    0.5929        39       416    0.3333  0.002625    0.1167     0.021   0.07339   0.02615    0.8643
   179/499     1.46G   0.05958   0.05518    0.4882     0.603        45       416    0.3333  0.002625    0.1178    0.0213   0.07332   0.02612    0.8623
   180/499     1.46G   0.05975   0.05526    0.4854    0.6004        46       416    0.3333  0.002625    0.1198   0.02173   0.07325   0.02609    0.8606
   181/499     1.46G   0.05946   0.05522     0.473    0.5877        36       416    0.3333  0.002625    0.1192   0.02162   0.07319   0.02605    0.8598
   182/499     1.46G   0.05924   0.05569    0.4811     0.596        34       416    0.3333  0.002625    0.1183   0.02152   0.07311   0.02602    0.8565
   183/499     1.46G   0.05899   0.05569    0.4736    0.5883        40       416    0.3333  0.002625    0.1193   0.02168   0.07302   0.02599    0.8541
   184/499     1.46G     0.059   0.05585    0.4815    0.5964        33       416    0.3333  0.002625    0.1235   0.02256   0.07293   0.02596    0.8509
   185/499     1.46G   0.05922   0.05569      0.47    0.5849        39       416    0.3333  0.002625    0.1234   0.02336   0.07285   0.02593    0.8472
   186/499     1.46G   0.05919    0.0553    0.4741    0.5886        40       416    0.6667  0.005249    0.1297   0.02449   0.07277    0.0259    0.8443
   187/499     1.46G   0.05913   0.05553    0.4699    0.5845        36       416    0.6667  0.005249    0.1327   0.02402   0.07268   0.02587    0.8407
   188/499     1.46G   0.05924   0.05574    0.4625    0.5775        40       416    0.6667  0.005249    0.1341   0.02458    0.0726   0.02585     0.838
   189/499     1.46G   0.05898    0.0554      0.46    0.5744        31       416    0.6667  0.005249    0.1348   0.02483   0.07252   0.02583    0.8354
   190/499     1.46G   0.05917    0.0553    0.4528    0.5673        46       416    0.6667  0.005249    0.1356   0.02522   0.07244   0.02581    0.8319
   191/499     1.46G   0.05894   0.05487    0.4718    0.5856        37       416    0.6667  0.005249    0.1364    0.0252   0.07238   0.02578    0.8291
   192/499     1.46G    0.0587   0.05559    0.4668    0.5811        44       416    0.6667  0.005249    0.1374   0.02582   0.07231   0.02577    0.8263
   193/499     1.46G   0.05851   0.05522    0.4666    0.5803        42       416    0.6667  0.005249    0.1396   0.02586   0.07224   0.02575    0.8232
   194/499     1.46G   0.05878   0.05568    0.4616     0.576        42       416    0.6667  0.005249    0.1393   0.02591   0.07216   0.02573    0.8188
   195/499     1.46G   0.05804   0.05501    0.4561    0.5691        37       416    0.6667  0.005249    0.1412   0.02636   0.07209   0.02571    0.8143
   196/499     1.46G   0.05878   0.05476     0.445    0.5585        29       416    0.6667  0.005249    0.1434   0.02682   0.07202   0.02568    0.8119
   197/499     1.46G   0.05856    0.0547    0.4486    0.5618        42       416    0.6667  0.005249     0.143    0.0271   0.07194   0.02566    0.8085
   198/499     1.46G   0.05842   0.05459    0.4514    0.5644        39       416         1  0.007794    0.1456   0.02707   0.07184   0.02564    0.8048
   199/499     1.46G   0.05865   0.05501    0.4629    0.5765        53       416    0.6667  0.005249    0.1447   0.02688   0.07175   0.02562    0.8006
   200/499     1.46G   0.05861    0.0557    0.4536    0.5679        47       416    0.6667  0.005249    0.1475   0.02721   0.07166   0.02559    0.7957
   201/499     1.46G   0.05819   0.05476    0.4433    0.5563        37       416    0.6667  0.005249    0.1511    0.0277   0.07156   0.02557    0.7911
   202/499     1.46G    0.0585   0.05465    0.4473    0.5605        37       416    0.6667  0.005249    0.1515   0.02798   0.07147   0.02554    0.7865
   203/499     1.46G   0.05841   0.05491     0.444    0.5573        32       416    0.6667  0.005249    0.1512   0.02854   0.07139   0.02552    0.7819
   204/499     1.46G   0.05847   0.05483    0.4466    0.5599        42       416    0.6667  0.005249    0.1519   0.02882    0.0713    0.0255    0.7776
   205/499     1.46G   0.05856   0.05479    0.4452    0.5586        48       416    0.6132  0.005249    0.1535   0.02954   0.07119   0.02548    0.7711
   206/499     1.46G   0.05833   0.05494    0.4416    0.5548        46       416    0.5584  0.005249    0.1524   0.02924    0.0711   0.02546    0.7652
   207/499     1.46G    0.0583   0.05467    0.4356    0.5486        40       416     0.528  0.005249    0.1573   0.02986   0.07101   0.02545    0.7603
   208/499     1.46G   0.05827   0.05469    0.4514    0.5644        38       416    0.4819  0.005249    0.1576   0.03062   0.07092   0.02543    0.7542
   209/499     1.46G   0.05794   0.05487    0.4385    0.5513        48       416    0.4134  0.005249    0.1613   0.03078   0.07081   0.02541    0.7499
   210/499     1.46G   0.05815   0.05495     0.425    0.5381        39       416    0.4101  0.006299    0.1636   0.03127   0.07073   0.02539    0.7464
   211/499     1.46G   0.05822   0.05478    0.4492    0.5622        47       416    0.4047  0.006846     0.168   0.03225   0.07066   0.02537    0.7433
   212/499     1.46G   0.05837   0.05474    0.4358    0.5489        39       416    0.3848  0.006939    0.1693   0.03255   0.07057   0.02535    0.7384
   213/499     1.46G   0.05767   0.05432    0.4276    0.5396        31       416    0.3902  0.007938    0.1702   0.03322   0.07047   0.02534    0.7342
   214/499     1.46G    0.0579    0.0546    0.4231    0.5356        43       416    0.4115  0.009174    0.1714   0.03359   0.07038   0.02533    0.7284
   215/499     1.46G    0.0577   0.05457    0.4372    0.5495        39       416    0.4343   0.01015    0.1732   0.03429    0.0703   0.02531    0.7234
   216/499     1.46G   0.05796   0.05439    0.4295    0.5419        49       416    0.4722    0.0139    0.1744   0.03458   0.07021    0.0253    0.7175
   217/499     1.46G   0.05786   0.05463    0.4307    0.5432        33       416    0.4405   0.01461     0.178   0.03557    0.0701   0.02529    0.7124
   218/499     1.46G   0.05799   0.05467    0.4327    0.5454        44       416    0.4902   0.02131    0.1858   0.03654   0.07001   0.02527    0.7083
   219/499     1.46G   0.05762   0.05462     0.435    0.5472        36       416    0.5028   0.02586    0.1873   0.03749   0.06991   0.02526    0.7049
   220/499     1.46G   0.05765   0.05468    0.4264    0.5387        41       416    0.5037   0.02971    0.1888   0.03836    0.0698   0.02524    0.7021
   221/499     1.46G   0.05782   0.05452    0.4305    0.5428        46       416    0.5085   0.03347    0.1935   0.03876   0.06971   0.02522    0.6976
   222/499     1.46G   0.05769   0.05412    0.4158    0.5276        40       416    0.4645   0.03412    0.1935    0.0388   0.06959    0.0252    0.6929
   223/499     1.46G   0.05772   0.05458    0.4128    0.5251        44       416    0.4521   0.03412    0.1939   0.03933   0.06948   0.02519     0.689
   224/499     1.46G   0.05743   0.05426     0.423    0.5346        45       416    0.7704   0.03667    0.1972   0.04015   0.06937   0.02517    0.6839
   225/499     1.46G   0.05783   0.05425    0.4133    0.5254        39       416    0.7447   0.03828    0.1985   0.04044   0.06924   0.02516    0.6779
   226/499     1.46G   0.05757   0.05449    0.4117    0.5237        30       416     0.741   0.04191    0.1994   0.04039   0.06914   0.02514    0.6741
   227/499     1.46G   0.05751    0.0544    0.4245    0.5364        51       416    0.7159   0.04191    0.2002   0.04071   0.06903   0.02512    0.6707
   228/499     1.46G   0.05762    0.0542    0.4211    0.5329        38       416    0.7206   0.04646    0.1997   0.04059   0.06892   0.02511    0.6675
   229/499     1.46G   0.05714   0.05367    0.4067    0.5176        38       416    0.7278   0.05191    0.2027   0.04149   0.06881    0.0251    0.6657
   230/499     1.46G   0.05705   0.05434      0.41    0.5214        48       416    0.6976   0.05451    0.2032   0.04209   0.06872   0.02508    0.6613
   231/499     1.46G   0.05684   0.05447    0.4077     0.519        41       416    0.6893   0.05766    0.2044   0.04406   0.06862   0.02506    0.6581
   232/499     1.46G   0.05676   0.05406    0.4275    0.5383        45       416    0.7003   0.06711      0.21   0.04568   0.06853   0.02504    0.6537
   233/499     1.46G    0.0569   0.05382    0.4162    0.5269        33       416    0.3586     0.066    0.2127   0.04745   0.06845   0.02501    0.6482
   234/499     1.46G   0.05686   0.05437     0.414    0.5252        39       416    0.3687   0.07205     0.212   0.04881   0.06835     0.025    0.6443
   235/499     1.46G   0.05714   0.05418    0.4115    0.5228        42       416    0.3847   0.08018    0.2137   0.04904   0.06826   0.02498    0.6403
   236/499     1.46G   0.05688   0.05364    0.4134    0.5239        32       416    0.3818   0.08168    0.2155   0.05022   0.06816   0.02496    0.6359
   237/499     1.46G   0.05679   0.05421    0.3959    0.5069        31       416    0.3941   0.08637    0.2184   0.05076   0.06806   0.02494    0.6333
   238/499     1.46G   0.05659   0.05413    0.3991    0.5099        29       416    0.5022   0.09108    0.2245   0.05241   0.06799   0.02492    0.6318
   239/499     1.46G   0.05707   0.05399     0.417     0.528        34       416     0.612    0.1018    0.2251    0.0525    0.0679    0.0249    0.6279
   240/499     1.46G   0.05713   0.05403    0.4021    0.5133        32       416    0.6327    0.1094    0.2277   0.05351   0.06781   0.02488    0.6255
   241/499     1.46G   0.05697   0.05417    0.4078     0.519        43       416    0.6183    0.1098    0.2298   0.05386   0.06772   0.02486    0.6227
   242/499     1.46G   0.05722   0.05431    0.4066    0.5181        32       416     0.581    0.1109    0.2333     0.054   0.06761   0.02485    0.6208
   243/499     1.46G   0.05652   0.05371    0.3958     0.506        37       416     0.571     0.115     0.234    0.0546   0.06752   0.02483     0.618
   244/499     1.46G   0.05662   0.05367    0.4101    0.5204        42       416    0.5346    0.1173    0.2353   0.05504   0.06739   0.02482     0.615
   245/499     1.46G   0.05656   0.05355    0.4016    0.5117        38       416    0.5507    0.1269     0.237   0.05551   0.06726   0.02482    0.6123
   246/499     1.46G   0.05661   0.05394    0.3957    0.5063        39       416    0.5527    0.1305    0.2356   0.05645   0.06712   0.02482    0.6105
   247/499     1.46G   0.05622   0.05418    0.4097    0.5201        51       416    0.5659    0.1377    0.2371   0.05738   0.06702   0.02481     0.609
   248/499     1.46G   0.05664   0.05393    0.3885     0.499        38       416    0.5564    0.1414    0.2374   0.05821   0.06691    0.0248    0.6079
   249/499     1.46G   0.05622   0.05371    0.3969    0.5068        47       416     0.555    0.1486    0.2388   0.05859   0.06678   0.02479    0.6077
   250/499     1.46G   0.05621   0.05361    0.3799    0.4897        44       416    0.5463    0.1513     0.241   0.05966   0.06667   0.02478    0.6056
   251/499     1.46G   0.05569    0.0537    0.3901    0.4995        39       416    0.5316    0.1513    0.2394   0.06043   0.06656   0.02477    0.6036
   252/499     1.46G   0.05652   0.05333    0.4024    0.5122        41       416    0.5243    0.1545    0.2404   0.06127   0.06646   0.02476    0.6017
   253/499     1.46G   0.05606   0.05355    0.3892    0.4988        28       416    0.4934    0.1518    0.2419   0.06164   0.06636   0.02474    0.6013
   254/499     1.46G   0.05595   0.05353    0.3919    0.5014        40       416    0.4961    0.1572    0.2477   0.06196   0.06624   0.02474    0.6007
   255/499     1.46G   0.05623   0.05405    0.3842    0.4944        45       416    0.4946    0.1619    0.2521   0.06258    0.0661   0.02474    0.5997
   256/499     1.46G   0.05594   0.05353    0.3825     0.492        39       416    0.4976    0.1669    0.2526   0.06324   0.06599   0.02474    0.5974
   257/499     1.46G    0.0558   0.05348    0.3926    0.5019        41       416    0.4967    0.1692     0.256   0.06509   0.06588   0.02474    0.5956
   258/499     1.46G   0.05617   0.05399    0.3874    0.4975        49       416    0.4915    0.1696    0.2573   0.06532   0.06577   0.02473    0.5936
   259/499     1.46G   0.05611   0.05377    0.3814    0.4913        31       416    0.4736    0.1723    0.2582   0.06725   0.06568   0.02472    0.5917
   260/499     1.46G   0.05572   0.05378    0.3736    0.4831        39       416    0.4751    0.1817    0.2544   0.06779   0.06556   0.02471    0.5904
   261/499     1.46G    0.0557   0.05339    0.3842    0.4932        44       416    0.4795    0.1883    0.2591   0.06898   0.06545    0.0247    0.5895
   262/499     1.46G   0.05606   0.05335    0.3748    0.4842        34       416    0.4829    0.1956    0.2613   0.06875   0.06536   0.02469    0.5908
   263/499     1.46G   0.05591   0.05351     0.379    0.4884        31       416    0.4867    0.2095    0.2649   0.06859   0.06528   0.02468    0.5931
   264/499     1.46G   0.05582   0.05379    0.3748    0.4844        38       416    0.4874    0.2114     0.267   0.06967    0.0652   0.02467    0.5928
   265/499     1.46G   0.05602   0.05285    0.3722     0.481        39       416    0.4798     0.214    0.2685   0.07109   0.06512   0.02465    0.5914
   266/499     1.46G   0.05568   0.05336    0.3811    0.4901        40       416    0.4879    0.2272    0.2721   0.07192   0.06504   0.02464    0.5922
   267/499     1.46G   0.05545    0.0534    0.3781    0.4869        33       416    0.4873    0.2317    0.2797   0.07265   0.06494   0.02463    0.5936
   268/499     1.46G   0.05612   0.05331    0.3732    0.4826        34       416    0.4823    0.2359    0.2797   0.07398   0.06485   0.02462    0.5932
   269/499     1.46G   0.05572   0.05336    0.3857    0.4947        41       416    0.4836    0.2443    0.2835   0.07483   0.06476   0.02462    0.5923
   270/499     1.46G   0.05582   0.05351    0.3716    0.4809        39       416    0.4806    0.2452    0.2885   0.07564    0.0647    0.0246    0.5916
   271/499     1.46G   0.05521   0.05315    0.3684    0.4767        40       416    0.4882    0.2526    0.2909   0.07686   0.06462   0.02459    0.5919
   272/499     1.46G   0.05543   0.05306    0.3699    0.4784        36       416    0.4803    0.2537     0.294   0.07772   0.06453   0.02458    0.5922
   273/499     1.46G   0.05567   0.05292    0.3707    0.4793        34       416    0.4863    0.2633    0.2941   0.07801   0.06443   0.02457    0.5918
   274/499     1.46G   0.05581   0.05286    0.3745    0.4832        42       416    0.4753    0.2675     0.298   0.07935   0.06436   0.02457    0.5914
   275/499     1.46G   0.05526   0.05326    0.3664    0.4749        34       416    0.4696    0.2751    0.2996   0.08067   0.06427   0.02456    0.5914
   276/499     1.46G   0.05533   0.05357    0.3743    0.4832        59       416     0.462    0.2769    0.3006   0.08058    0.0642   0.02456    0.5903
   277/499     1.46G   0.05547   0.05283    0.3709    0.4792        40       416    0.4624     0.279    0.3116   0.08225   0.06412   0.02456    0.5902
   278/499     1.46G   0.05525    0.0529    0.3581    0.4663        35       416    0.4595    0.2885    0.3141    0.0829   0.06404   0.02455    0.5893
   279/499     1.46G   0.05539   0.05312    0.3663    0.4748        36       416    0.4614    0.2916    0.3156   0.08335   0.06394   0.02455    0.5898
   280/499     1.46G   0.05512   0.05354    0.3665    0.4751        41       416     0.461    0.2998    0.3183   0.08428   0.06383   0.02455    0.5887
   281/499     1.46G   0.05534   0.05305    0.3632    0.4715        31       416    0.4547    0.3052     0.322    0.0846   0.06374   0.02454     0.589
   282/499     1.46G    0.0549   0.05302    0.3508    0.4587        27       416    0.4475     0.313    0.3237   0.08563   0.06365   0.02453    0.5892
   283/499     1.46G   0.05509   0.05322    0.3613    0.4696        39       416    0.4449    0.3156    0.3249    0.0873   0.06354   0.02453    0.5906
   284/499     1.46G   0.05477   0.05266    0.3554    0.4628        37       416    0.4359     0.313    0.3284    0.0883   0.06343   0.02453      0.59
   285/499     1.46G   0.05483   0.05276    0.3656    0.4732        42       416    0.4401    0.3155    0.3304   0.08889   0.06333   0.02453    0.5901
   286/499     1.46G   0.05521   0.05302    0.3598    0.4681        47       416    0.4377    0.3181    0.3333   0.08961   0.06323   0.02452    0.5904
   287/499     1.46G   0.05504   0.05249    0.3577    0.4652        44       416    0.4495    0.3289    0.3318   0.09065   0.06313   0.02453    0.5903
   288/499     1.46G   0.05535   0.05299    0.3466     0.455        36       416    0.4451    0.3348    0.3369   0.09276   0.06306   0.02453     0.591
   289/499     1.46G   0.05493   0.05299    0.3532    0.4611        43       416     0.443    0.3414    0.3431   0.09282     0.063   0.02452    0.5909
   290/499     1.46G    0.0548   0.05256    0.3515    0.4588        36       416    0.4401     0.347     0.347   0.09388   0.06293   0.02452    0.5906
   291/499     1.46G   0.05478   0.05273    0.3557    0.4632        40       416    0.4352    0.3502    0.3475   0.09388   0.06286   0.02452    0.5905
   292/499     1.46G   0.05468   0.05303    0.3445    0.4522        27       416    0.4339    0.3545    0.3476    0.0938   0.06278   0.02452    0.5913
   293/499     1.46G   0.05481   0.05284    0.3403     0.448        41       416    0.4418    0.3597    0.3537   0.09571   0.06269   0.02452    0.5919
   294/499     1.46G   0.05458   0.05253    0.3608    0.4679        36       416     0.441    0.3648    0.3547   0.09625    0.0626   0.02452    0.5908
   295/499     1.46G    0.0549   0.05195    0.3437    0.4505        38       416    0.4398    0.3648    0.3583   0.09652   0.06253   0.02451    0.5908
   296/499     1.46G   0.05528   0.05294    0.3552    0.4634        36       416    0.4401     0.366    0.3571   0.09651   0.06247   0.02451      0.59
   297/499     1.46G   0.05456   0.05256    0.3443    0.4514        40       416    0.4422     0.371    0.3596   0.09883    0.0624    0.0245    0.5877
   298/499     1.46G   0.05449   0.05218     0.337    0.4436        45       416    0.4327    0.3779     0.359   0.09909   0.06234   0.02449    0.5869
   299/499     1.46G   0.05453   0.05209    0.3438    0.4504        37       416    0.4369    0.3867    0.3614    0.1007   0.06225   0.02449    0.5874
   300/499     1.46G   0.05438   0.05254    0.3425    0.4494        39       416    0.4392    0.3943     0.364    0.1013   0.06217   0.02449    0.5876
   301/499     1.46G   0.05477   0.05246    0.3475    0.4547        37       416    0.4438    0.3984    0.3639    0.1016   0.06213   0.02447    0.5901
   302/499     1.46G   0.05467   0.05261    0.3441    0.4513        31       416    0.4319    0.3933    0.3614    0.1016   0.06207   0.02446    0.5917
   303/499     1.46G   0.05474   0.05251    0.3503    0.4575        41       416    0.4336    0.3969    0.3648    0.1024   0.06201   0.02445    0.5928
   304/499     1.46G   0.05414   0.05264    0.3392    0.4459        46       416    0.4383    0.4058    0.3676    0.1028   0.06195   0.02444     0.594
   305/499     1.46G   0.05472    0.0526    0.3398    0.4471        37       416    0.4374     0.406    0.3687    0.1031   0.06187   0.02444    0.5952
   306/499     1.46G   0.05443   0.05237    0.3346    0.4414        47       416    0.4423    0.4085    0.3746    0.1047   0.06181   0.02443    0.5931
   307/499     1.46G    0.0545   0.05275    0.3339    0.4411        37       416    0.4414    0.4128    0.3775    0.1055   0.06174   0.02442    0.5924
   308/499     1.46G   0.05452   0.05233     0.336    0.4428        31       416    0.4367    0.4194    0.3778     0.106   0.06164   0.02442    0.5932
   309/499     1.46G     0.054   0.05227    0.3318    0.4381        33       416    0.4364    0.4208    0.3806    0.1064   0.06157   0.02441    0.5938
   310/499     1.46G    0.0544   0.05242    0.3381    0.4449        33       416    0.4344    0.4236     0.385    0.1068   0.06149    0.0244    0.5957
   311/499     1.46G   0.05425   0.05257    0.3293    0.4362        33       416    0.4366    0.4296    0.3901    0.1084    0.0614   0.02439    0.5983
   312/499     1.46G   0.05438   0.05265    0.3427    0.4497        38       416    0.4416    0.4402    0.3941     0.109   0.06134   0.02438    0.5981
   313/499     1.46G   0.05424   0.05205    0.3417     0.448        25       416    0.4465    0.4522    0.3965    0.1096   0.06126   0.02438    0.5986
   314/499     1.46G   0.05404   0.05217    0.3327    0.4389        33       416    0.4459    0.4532    0.3945    0.1098   0.06119   0.02437    0.5989
   315/499     1.46G   0.05456   0.05233    0.3297    0.4366        38       416    0.4423    0.4504    0.3958    0.1099   0.06111   0.02437    0.5984
   316/499     1.46G   0.05391   0.05244    0.3296     0.436        52       416     0.439    0.4528    0.4026    0.1123   0.06104   0.02437     0.597
   317/499     1.46G   0.05419   0.05196    0.3299    0.4361        38       416    0.4318    0.4533     0.404    0.1127   0.06097   0.02436     0.597
   318/499     1.46G   0.05394   0.05201    0.3242    0.4302        40       416    0.4333    0.4633     0.404    0.1138    0.0609   0.02435    0.5973
   319/499     1.46G   0.05379   0.05222    0.3408    0.4468        39       416    0.4281    0.4637    0.4054    0.1142   0.06086   0.02434    0.5966
   320/499     1.46G    0.0543    0.0526    0.3414    0.4483        42       416    0.4271    0.4693    0.4081    0.1157   0.06081   0.02434    0.5951
   321/499     1.46G   0.05422   0.05254    0.3275    0.4343        36       416    0.4323     0.476    0.4105    0.1173   0.06074   0.02433    0.5938
   322/499     1.46G     0.054   0.05211     0.322    0.4281        46       416    0.4286    0.4767    0.4137    0.1199   0.06066   0.02432    0.5936
   323/499     1.46G   0.05373   0.05232    0.3231    0.4292        40       416    0.4315    0.4854     0.419    0.1217   0.06055   0.02432    0.5961
   324/499     1.46G   0.05365   0.05194    0.3214     0.427        40       416    0.4309    0.4872    0.4206    0.1214   0.06047   0.02431    0.5957
   325/499     1.46G   0.05384   0.05209    0.3188    0.4248        36       416    0.4287    0.4845     0.418    0.1233   0.06039    0.0243    0.5947
   326/499     1.46G   0.05383   0.05201    0.3238    0.4296        42       416    0.4275    0.4872    0.4263    0.1234   0.06031   0.02429    0.5932
   327/499     1.46G   0.05399   0.05208    0.3241    0.4302        32       416    0.4281    0.4924    0.4281    0.1253   0.06025   0.02429    0.5916
   328/499     1.46G   0.05382   0.05193    0.3226    0.4283        45       416    0.4275    0.4923    0.4275    0.1265    0.0602   0.02428    0.5919
   329/499     1.46G   0.05357   0.05206    0.3133    0.4189        39       416    0.4294       0.5    0.4306     0.127   0.06011   0.02428    0.5916
   330/499     1.46G   0.05403   0.05225    0.3058    0.4121        39       416    0.4303    0.5026    0.4371    0.1285   0.06004   0.02428    0.5915
   331/499     1.46G   0.05342   0.05198    0.3108    0.4162        39       416     0.429    0.5026    0.4391    0.1309   0.05997   0.02427    0.5922
   332/499     1.46G    0.0535   0.05174    0.3211    0.4263        42       416    0.4332    0.5078    0.4447    0.1326    0.0599   0.02426    0.5909
   333/499     1.46G   0.05359   0.05135    0.3208    0.4257        43       416    0.4354    0.5109    0.4459    0.1347   0.05982   0.02425    0.5909
   334/499     1.46G   0.05361   0.05161    0.3082    0.4134        32       416    0.4378    0.5137    0.4493     0.135   0.05974   0.02424    0.5922
   335/499     1.46G   0.05337   0.05166    0.3095    0.4145        34       416    0.4317    0.5136      0.45    0.1356   0.05965   0.02423    0.5916
   336/499     1.46G   0.05347   0.05205    0.3071    0.4127        37       416    0.4439    0.5219    0.4584    0.1373   0.05957   0.02423    0.5913
   337/499     1.46G   0.05346    0.0522     0.309    0.4147        33       416    0.4464     0.523    0.4596    0.1384    0.0595   0.02422    0.5907
   338/499     1.46G   0.05349   0.05183    0.3171    0.4224        43       416    0.4436    0.5233    0.4629    0.1405   0.05942   0.02421    0.5888
   339/499     1.46G   0.05281   0.05159    0.3122    0.4166        43       416    0.4466    0.5259    0.4662    0.1406   0.05934    0.0242     0.587
   340/499     1.46G   0.05304    0.0518    0.2984    0.4032        37       416    0.4489     0.535    0.4703    0.1419   0.05927   0.02419    0.5881
   341/499     1.46G   0.05334   0.05178    0.3132    0.4183        39       416    0.4528    0.5364    0.4711    0.1424   0.05919   0.02418    0.5889
   342/499     1.46G   0.05288   0.05141    0.3075    0.4118        42       416    0.4452    0.5364    0.4719    0.1452   0.05913   0.02417    0.5902
   343/499     1.46G   0.05286   0.05143    0.3026    0.4069        40       416     0.445    0.5388    0.4725     0.146   0.05907   0.02416    0.5902
   344/499     1.46G   0.05327   0.05167    0.3033    0.4082        38       416    0.4522    0.5438    0.4767    0.1461   0.05903   0.02415    0.5908
   345/499     1.46G   0.05312   0.05161    0.3156    0.4204        29       416    0.4557    0.5495     0.478    0.1488   0.05899   0.02414    0.5919
   346/499     1.46G   0.05291   0.05112    0.3019    0.4059        32       416    0.4491    0.5495    0.4771    0.1472   0.05894   0.02412    0.5929
   347/499     1.46G   0.05291   0.05124    0.3118    0.4159        36       416    0.4456     0.552    0.4781    0.1512   0.05888   0.02411    0.5936
   348/499     1.46G   0.05265   0.05091    0.3027    0.4062        45       416    0.4437    0.5546     0.478    0.1528   0.05881    0.0241    0.5952
   349/499     1.46G   0.05289   0.05167    0.3051    0.4096        43       416     0.438    0.5546    0.4799    0.1533   0.05873   0.02409    0.5959
   350/499     1.46G   0.05304   0.05178    0.3079    0.4127        37       416    0.4364    0.5546    0.4815    0.1544   0.05867   0.02407    0.5979
   351/499     1.46G   0.05283   0.05157    0.3015    0.4059        41       416    0.4394    0.5654      0.49    0.1565   0.05862   0.02406    0.5992
   352/499     1.46G   0.05309   0.05125    0.3094    0.4137        40       416    0.4388     0.565    0.4933    0.1581   0.05856   0.02404    0.5995
   353/499     1.46G   0.05261   0.05135    0.2998    0.4038        37       416    0.4356    0.5676    0.4952    0.1587   0.05848   0.02403    0.6012
   354/499     1.46G   0.05287   0.05137    0.2978     0.402        38       416    0.4352    0.5676    0.4955    0.1592   0.05841   0.02402    0.6016
   355/499     1.46G   0.05272   0.05098     0.298    0.4017        31       416    0.4387    0.5702    0.4961      0.16   0.05835     0.024    0.6009
   356/499     1.46G   0.05279   0.05149    0.2965    0.4008        42       416    0.4368    0.5727     0.501     0.162   0.05829   0.02399    0.6013
   357/499     1.46G   0.05287   0.05136    0.3026    0.4068        38       416    0.4322    0.5702    0.5019    0.1616   0.05823   0.02397    0.6005
   358/499     1.46G   0.05291   0.05162    0.2957    0.4002        35       416    0.4289    0.5702    0.5044    0.1629   0.05817   0.02396    0.6004
   359/499     1.46G   0.05301   0.05136     0.289    0.3934        39       416    0.4245    0.5676    0.5043    0.1635    0.0581   0.02395    0.6016
   360/499     1.46G   0.05276   0.05143    0.2989     0.403        41       416    0.4291    0.5759    0.5066    0.1647   0.05801   0.02394    0.6011
   361/499     1.46G    0.0528   0.05118    0.2986    0.4026        35       416    0.4267    0.5728    0.5066    0.1667   0.05792   0.02393    0.6014
   362/499     1.46G   0.05264    0.0516    0.2959    0.4002        32       416    0.4233    0.5728    0.5073    0.1676   0.05784   0.02393    0.6025
   363/499     1.46G   0.05257   0.05116    0.2914    0.3951        51       416    0.4263    0.5725    0.5086    0.1689   0.05776   0.02391    0.6036
   364/499     1.46G   0.05265   0.05105    0.2898    0.3935        38       416    0.4254    0.5704    0.5095    0.1698    0.0577   0.02391    0.6039
   365/499     1.46G   0.05246   0.05111    0.2904     0.394        41       416    0.4228    0.5688    0.5107    0.1687   0.05763    0.0239     0.604
   366/499     1.46G   0.05198   0.05114    0.2835    0.3867        42       416    0.4256    0.5728    0.5117    0.1693   0.05755    0.0239     0.605
   367/499     1.46G   0.05237   0.05124    0.2878    0.3914        51       416    0.4277    0.5754    0.5138    0.1696   0.05749   0.02389    0.6056
   368/499     1.46G   0.05266   0.05108    0.2943    0.3981        51       416     0.426    0.5759    0.5173      0.17   0.05743   0.02388    0.6082
   369/499     1.46G   0.05256   0.05103     0.292    0.3956        52       416    0.4255    0.5772    0.5163    0.1708   0.05737   0.02387    0.6091
   370/499     1.46G   0.05221   0.05096    0.2879    0.3911        40       416    0.4347    0.5857    0.5208    0.1719   0.05731   0.02387    0.6091
   371/499     1.46G   0.05222   0.05088    0.2845    0.3876        51       416    0.4347    0.5893    0.5223    0.1719   0.05726   0.02387    0.6093
   372/499     1.46G     0.052   0.05126    0.2784    0.3816        32       416    0.4313    0.5845     0.521    0.1723   0.05721   0.02386    0.6086
   373/499     1.46G   0.05231   0.05113    0.2872    0.3906        38       416    0.4272    0.5854    0.5205    0.1734   0.05717   0.02385    0.6091
   374/499     1.46G   0.05229    0.0509    0.2853    0.3885        38       416    0.4243    0.5867    0.5199    0.1734   0.05713   0.02385    0.6085
   375/499     1.46G   0.05201   0.05105    0.2801    0.3831        41       416     0.424    0.5857    0.5214    0.1744   0.05709   0.02384    0.6094
   376/499     1.46G   0.05237   0.05119     0.284    0.3876        46       416    0.4262    0.5883    0.5295    0.1756   0.05703   0.02383    0.6115
   377/499     1.46G   0.05232   0.05101    0.2819    0.3852        37       416    0.4222    0.5877    0.5251    0.1765   0.05697   0.02382    0.6131
   378/499     1.46G   0.05219    0.0508    0.2899    0.3929        36       416    0.4237    0.5843    0.5219    0.1757   0.05692   0.02381    0.6163
   379/499     1.46G   0.05227   0.05037    0.2821    0.3847        36       416    0.4246    0.5857    0.5223    0.1762   0.05686    0.0238    0.6201
   380/499     1.46G   0.05189   0.05071    0.2832    0.3858        39       416     0.426    0.5882    0.5263    0.1783   0.05681   0.02378    0.6199
   381/499     1.46G   0.05204   0.05062    0.2803    0.3829        31       416    0.4262    0.5943    0.5275    0.1777   0.05676   0.02377    0.6208
   382/499     1.46G   0.05187   0.05028    0.2774    0.3795        44       416     0.427    0.5934    0.5288    0.1801    0.0567   0.02377    0.6229
   383/499     1.46G   0.05159   0.05089     0.278    0.3805        39       416    0.4297    0.5939    0.5305    0.1801   0.05666   0.02376    0.6253
   384/499     1.46G   0.05217   0.05082    0.2853    0.3883        43       416    0.4284    0.5985    0.5298    0.1807   0.05662   0.02375    0.6256
   385/499     1.46G   0.05181   0.05074    0.2813    0.3838        37       416    0.4291    0.5986    0.5281    0.1807   0.05658   0.02374    0.6258
   386/499     1.46G   0.05174   0.05059     0.272    0.3743        37       416    0.4305    0.5999     0.529     0.182   0.05653   0.02373    0.6249
   387/499     1.46G   0.05173   0.05066    0.2807    0.3831        49       416    0.4326    0.6116    0.5306    0.1832   0.05649   0.02372    0.6227
   388/499     1.46G   0.05208    0.0511    0.2613    0.3644        38       416    0.4328    0.6142    0.5312    0.1833   0.05644   0.02372    0.6221
   389/499     1.46G   0.05201   0.05036    0.2765    0.3789        38       416    0.4319    0.6127    0.5253    0.1839   0.05638   0.02371    0.6215
   390/499     1.46G   0.05196   0.05075    0.2758    0.3785        38       416    0.4306    0.6168      0.53    0.1847   0.05632    0.0237    0.6209
   391/499     1.46G   0.05175   0.05033    0.2691    0.3712        43       416    0.4275     0.619    0.5308    0.1844   0.05627   0.02369    0.6193
   392/499     1.46G    0.0515   0.05073    0.2719    0.3741        32       416    0.4254    0.6168    0.5303     0.185   0.05622   0.02367    0.6187
   393/499     1.46G   0.05181   0.05044    0.2741    0.3763        45       416    0.4261     0.618    0.5313    0.1862   0.05617   0.02367    0.6182
   394/499     1.46G   0.05161   0.05038    0.2748    0.3768        43       416    0.4268     0.621    0.5327     0.187   0.05613   0.02366    0.6172
   395/499     1.46G   0.05158   0.05058    0.2621    0.3643        42       416    0.4203    0.6156    0.5315    0.1877   0.05607   0.02365    0.6173
   396/499     1.46G   0.05173   0.05077     0.271    0.3735        43       416     0.416    0.6141    0.5311    0.1888   0.05602   0.02365    0.6179
   397/499     1.46G   0.05154    0.0501    0.2737    0.3754        33       416    0.4134    0.6123    0.5299    0.1894   0.05598   0.02364    0.6169
   398/499     1.46G   0.05139   0.05004    0.2665    0.3679        28       416    0.4182    0.6193    0.5334    0.1912   0.05593   0.02364    0.6185
   399/499     1.46G   0.05148   0.05003    0.2697    0.3712        46       416    0.4129    0.6193    0.5328    0.1916   0.05588   0.02363    0.6191
   400/499     1.46G   0.05136   0.05015    0.2534    0.3549        36       416    0.4099    0.6193    0.5328    0.1907   0.05583   0.02362    0.6219
   401/499     1.46G   0.05176   0.05015    0.2679    0.3698        38       416    0.4088    0.6225    0.5337    0.1887   0.05579   0.02361    0.6208
   402/499     1.46G   0.05152   0.05011    0.2688    0.3704        37       416    0.4096    0.6246    0.5341    0.1902   0.05573    0.0236    0.6213
   403/499     1.46G   0.05123   0.05032     0.255    0.3566        43       416    0.4116    0.6246    0.5399    0.1924   0.05565   0.02359     0.622
   404/499     1.46G   0.05126   0.04991    0.2616    0.3628        55       416    0.4136     0.628    0.5391    0.1921    0.0556   0.02359    0.6213
   405/499     1.46G   0.05155   0.05024    0.2608    0.3626        39       416    0.4128    0.6273    0.5404    0.1939   0.05556   0.02358     0.621
   406/499     1.46G   0.05135   0.05027    0.2663     0.368        34       416    0.4129    0.6298    0.5403    0.1942   0.05552   0.02357    0.6199
   407/499     1.46G   0.05137   0.05044    0.2624    0.3642        42       416    0.4105    0.6302    0.5435    0.1948   0.05547   0.02357    0.6211
   408/499     1.46G   0.05134   0.05032    0.2583    0.3599        41       416    0.4117    0.6348    0.5467    0.1947   0.05542   0.02356    0.6223
   409/499     1.46G   0.05109   0.05029    0.2642    0.3656        51       416    0.4081    0.6353    0.5475    0.1951   0.05538   0.02355    0.6246
   410/499     1.46G   0.05127   0.05007    0.2582    0.3595        43       416     0.407    0.6378    0.5472    0.1949   0.05534   0.02354    0.6286
   411/499     1.46G   0.05097   0.04957    0.2571    0.3577        37       416     0.407    0.6401    0.5489    0.1947   0.05529   0.02353    0.6307
   412/499     1.46G   0.05139   0.05012    0.2598    0.3613        32       416    0.4095    0.6427    0.5498    0.1945   0.05523   0.02352    0.6338
   413/499     1.46G   0.05119   0.05011    0.2528    0.3541        35       416    0.4077    0.6427    0.5515     0.196   0.05519   0.02351    0.6352
   414/499     1.46G   0.05117   0.05003    0.2539    0.3551        40       416    0.4077    0.6386    0.5521    0.1965   0.05513    0.0235    0.6367
   415/499     1.46G   0.05095   0.04952    0.2538    0.3543        36       416    0.4063    0.6401    0.5525    0.1969   0.05508   0.02349    0.6382
   416/499     1.46G   0.05074   0.05033     0.263    0.3641        35       416    0.4063    0.6401    0.5509    0.1977   0.05504   0.02349      0.64
   417/499     1.46G   0.05101   0.04963    0.2464     0.347        39       416    0.4087    0.6419    0.5528    0.1977   0.05499   0.02348    0.6404
   418/499     1.46G   0.05095    0.0496     0.246    0.3465        37       416     0.409    0.6465    0.5527     0.198   0.05493   0.02347    0.6412
   419/499     1.46G    0.0505   0.04977    0.2566    0.3569        34       416    0.4086    0.6479    0.5531    0.1967   0.05489   0.02345    0.6422
   420/499     1.46G   0.05085    0.0499    0.2495    0.3502        41       416    0.4074    0.6479    0.5529    0.1987   0.05483   0.02344    0.6432
   421/499     1.46G   0.05052    0.0498    0.2537     0.354        41       416    0.4093    0.6453    0.5539    0.1998   0.05478   0.02344    0.6442
   422/499     1.46G   0.05083   0.04999     0.253    0.3538        52       416    0.4126     0.653    0.5632    0.2014   0.05473   0.02343    0.6439
   423/499     1.46G   0.05066   0.04993    0.2528    0.3534        32       416     0.413     0.654    0.5629    0.2022   0.05467   0.02342    0.6471
   424/499     1.46G   0.05083   0.05016    0.2534    0.3544        31       416    0.4133    0.6554    0.5635    0.2032   0.05461   0.02342    0.6471
   425/499     1.46G   0.05082   0.04957    0.2507    0.3511        41       416    0.4131    0.6556    0.5634    0.2028   0.05455   0.02341    0.6478
   426/499     1.46G   0.05076   0.04997    0.2435    0.3442        44       416    0.4111    0.6531    0.5625    0.2026   0.05452   0.02339    0.6478
   427/499     1.46G   0.05078   0.04981    0.2494      0.35        33       416    0.4083    0.6531    0.5626    0.2033   0.05447   0.02338     0.649
   428/499     1.46G   0.05077   0.05003    0.2462    0.3471        35       416     0.407    0.6531     0.564    0.2036   0.05442   0.02337      0.65
   429/499     1.46G   0.05077   0.04944    0.2497    0.3499        27       416    0.4068     0.653    0.5652    0.2041   0.05435   0.02336    0.6522
   430/499     1.46G   0.05065   0.04966    0.2563    0.3567        39       416    0.4034    0.6557    0.5659    0.2052   0.05431   0.02336    0.6534
   431/499     1.46G   0.05094   0.04987    0.2473    0.3481        32       416    0.4012    0.6583     0.565    0.2056   0.05429   0.02336    0.6553
   432/499     1.46G   0.05072   0.04957    0.2539    0.3542        49       416    0.4002    0.6608     0.567    0.2056   0.05425   0.02335    0.6559
   433/499     1.46G   0.05081   0.04985    0.2507    0.3513        32       416    0.4003    0.6608    0.5683    0.2066    0.0542   0.02334    0.6549
   434/499     1.46G   0.05107   0.04945     0.246    0.3465        39       416    0.4013    0.6608    0.5706    0.2076   0.05416   0.02333    0.6544
   435/499     1.46G   0.05057   0.04932    0.2448    0.3447        39       416    0.4053    0.6634    0.5715    0.2083   0.05412   0.02332    0.6548
   436/499     1.46G   0.05072   0.04925    0.2493    0.3493        39       416    0.4093    0.6711    0.5796    0.2089   0.05406   0.02332    0.6553
   437/499     1.46G   0.05049   0.04984    0.2435    0.3439        31       416    0.4032    0.6643    0.5709    0.2081   0.05403   0.02331    0.6558
   438/499     1.46G   0.05055   0.04934    0.2453    0.3452        44       416     0.405    0.6678    0.5717    0.2087     0.054   0.02329    0.6571
   439/499     1.46G   0.05068   0.04961    0.2431    0.3434        34       416    0.4035    0.6685    0.5739    0.2095   0.05395   0.02329    0.6598
   440/499     1.46G   0.05056   0.04971    0.2362    0.3365        49       416    0.4036    0.6712    0.5761    0.2098   0.05391   0.02328    0.6607
   441/499     1.46G   0.05017   0.04916    0.2425    0.3419        39       416    0.4101    0.6738     0.579    0.2112   0.05388   0.02326    0.6651
   442/499     1.46G   0.05048   0.04948    0.2401    0.3401        40       416     0.411    0.6738    0.5803    0.2123   0.05384   0.02324    0.6663
   443/499     1.46G   0.05047   0.04917    0.2417    0.3413        34       416    0.4114    0.6764    0.5811    0.2129    0.0538   0.02323    0.6668
   444/499     1.46G   0.05051    0.0492    0.2419    0.3416        39       416    0.4101    0.6738    0.5809    0.2132   0.05375   0.02322     0.668
   445/499     1.46G   0.05042   0.04916     0.247    0.3466        44       416    0.4079    0.6746    0.5819     0.215   0.05371    0.0232    0.6683
   446/499     1.46G   0.05034   0.04965    0.2442    0.3442        34       416    0.4107    0.6789    0.5879    0.2164   0.05368   0.02319     0.669
   447/499     1.46G   0.05024   0.04912    0.2357    0.3351        34       416    0.4099    0.6815    0.5894    0.2167   0.05365   0.02319     0.671
   448/499     1.46G   0.04993   0.04952    0.2421    0.3416        31       416     0.406    0.6842    0.5904    0.2179   0.05362   0.02318    0.6719
   449/499     1.46G   0.05018   0.04933    0.2361    0.3356        46       416    0.4067    0.6842    0.5899     0.218   0.05359   0.02317    0.6722
   450/499     1.46G   0.05028   0.04928    0.2399    0.3394        31       416    0.4077    0.6841     0.589    0.2186   0.05357   0.02315    0.6725
   451/499     1.46G   0.04986   0.04911    0.2333    0.3322        26       416    0.4091    0.6814    0.5846    0.2189   0.05355   0.02313    0.6747
   452/499     1.46G   0.05033   0.04936    0.2347    0.3344        46       416    0.4108    0.6843     0.593    0.2226   0.05351   0.02312    0.6743
   453/499     1.46G   0.05027   0.04904    0.2398    0.3392        41       416    0.4113    0.6815    0.5922    0.2226   0.05347   0.02311    0.6767
   454/499     1.46G   0.05048   0.04941    0.2353    0.3352        41       416    0.4109    0.6841    0.5958    0.2229   0.05344   0.02309    0.6798
   455/499     1.46G   0.05041   0.04923    0.2414     0.341        42       416    0.4101    0.6815    0.5945     0.224   0.05342   0.02308    0.6828
   456/499     1.46G   0.04984   0.04877    0.2354     0.334        38       416    0.4141    0.6867     0.597    0.2244   0.05337   0.02307    0.6855
   457/499     1.46G   0.05005   0.04894    0.2316    0.3306        49       416    0.4101    0.6867       0.6    0.2239   0.05332   0.02307    0.6857
   458/499     1.46G   0.04974   0.04879     0.232    0.3305        35       416    0.4116    0.6815    0.6002    0.2255   0.05327   0.02306    0.6863
   459/499     1.46G   0.05012    0.0492    0.2359    0.3352        44       416    0.4078    0.6815    0.5989    0.2275   0.05324   0.02305    0.6863
   460/499     1.46G   0.05007   0.04894    0.2336    0.3327        33       416    0.4095    0.6841     0.604    0.2285   0.05321   0.02304    0.6853
   461/499     1.46G   0.04993    0.0488    0.2312    0.3299        35       416    0.4129    0.6892    0.6036     0.229   0.05317   0.02303    0.6852
   462/499     1.46G   0.05011   0.04919    0.2314    0.3307        38       416    0.4079    0.6861    0.6006    0.2283   0.05314   0.02301    0.6862
   463/499     1.46G   0.05007   0.04904    0.2334    0.3325        30       416    0.4071    0.6866    0.6016    0.2284    0.0531     0.023    0.6876
   464/499     1.46G   0.04996   0.04901    0.2377    0.3366        40       416    0.4068    0.6832    0.6038    0.2279   0.05304   0.02299    0.6891
   465/499     1.46G    0.0502   0.04895    0.2384    0.3375        36       416    0.4071    0.6828    0.6038    0.2274     0.053   0.02298    0.6917
   466/499     1.46G   0.05003   0.04879    0.2335    0.3323        37       416    0.4059    0.6841    0.6079    0.2305   0.05297   0.02296    0.6936
   467/499     1.46G   0.04987   0.04902     0.228    0.3269        41       416     0.411    0.6918    0.6091    0.2302   0.05293   0.02295    0.6953
   468/499     1.46G   0.04957   0.04958    0.2198     0.319        36       416    0.4073    0.6902    0.6074    0.2312   0.05289   0.02293    0.6969
   469/499     1.46G   0.04999   0.04895    0.2302    0.3292        42       416    0.4049    0.6866    0.6093    0.2308   0.05286   0.02292    0.6992
   470/499     1.46G   0.04981   0.04913    0.2263    0.3253        45       416    0.4132    0.6945    0.6132    0.2328   0.05282    0.0229    0.7002
   471/499     1.46G   0.04986   0.04873    0.2347    0.3333        42       416    0.4134    0.6957     0.613     0.233   0.05277   0.02289    0.7019
   472/499     1.46G   0.04984   0.04891    0.2318    0.3305        34       416    0.4156     0.697    0.6126    0.2338   0.05273   0.02288    0.7038
   473/499     1.46G   0.04989   0.04901    0.2257    0.3246        43       416    0.4135    0.6918    0.6118    0.2334   0.05268   0.02287     0.706
   474/499     1.46G   0.04994   0.04913    0.2344    0.3335        41       416    0.4104     0.691    0.6131    0.2345   0.05264   0.02286    0.7082
   475/499     1.46G   0.05014   0.04915    0.2324    0.3317        46       416    0.4069     0.692    0.6128    0.2345    0.0526   0.02284    0.7086
   476/499     1.46G   0.04989   0.04893    0.2327    0.3315        36       416     0.404    0.6938    0.6087    0.2342   0.05256   0.02283    0.7089
   477/499     1.46G   0.04955   0.04927    0.2244    0.3232        35       416    0.4028     0.692    0.6099    0.2348   0.05251   0.02281    0.7102
   478/499     1.46G   0.05004   0.04941    0.2251    0.3246        29       416    0.4062    0.6921    0.6135    0.2361   0.05247    0.0228     0.711
   479/499     1.46G    0.0499   0.04864    0.2241    0.3226        46       416    0.4047    0.6869     0.609    0.2349   0.05244   0.02278    0.7127
   480/499     1.46G   0.04941   0.04862     0.227     0.325        31       416    0.4061    0.6922    0.6112    0.2351   0.05241   0.02277    0.7142
   481/499     1.46G   0.04941   0.04865    0.2269    0.3249        34       416    0.4062    0.6922    0.6114    0.2356   0.05236   0.02275     0.716
   482/499     1.46G   0.04975    0.0487    0.2351    0.3335        30       416    0.4042    0.6909     0.615    0.2358   0.05232   0.02273    0.7165
   483/499     1.46G   0.04952   0.04886    0.2212    0.3196        34       416    0.4045    0.6947     0.615    0.2356   0.05228   0.02271    0.7166
   484/499     1.46G   0.04941   0.04893    0.2314    0.3297        48       416    0.4072    0.6947    0.6165    0.2369   0.05223   0.02269    0.7172
   485/499     1.46G   0.04967   0.04862    0.2251    0.3234        40       416    0.4057    0.6947    0.6164     0.238   0.05218   0.02268    0.7164
   486/499     1.46G   0.04948    0.0489    0.2298    0.3282        36       416    0.4097    0.6973    0.6214    0.2387   0.05213   0.02267     0.715
   487/499     1.46G   0.04967   0.04899    0.2271    0.3258        40       416    0.4136    0.6967    0.6159    0.2403   0.05209   0.02265    0.7145
   488/499     1.46G   0.04942   0.04925    0.2254    0.3241        40       416    0.4124    0.7039    0.6167    0.2404   0.05207   0.02262    0.7133
   489/499     1.46G   0.04959   0.04868    0.2272    0.3255        37       416    0.4144    0.7077    0.6236    0.2415   0.05205    0.0226     0.713
   490/499     1.46G   0.04966    0.0486    0.2278     0.326        43       416    0.4106    0.6997    0.6248    0.2415   0.05202   0.02259    0.7118
   491/499     1.46G   0.04929   0.04838     0.224    0.3217        34       416    0.4167    0.7046    0.6261    0.2422   0.05197   0.02258    0.7106
   492/499     1.46G   0.04955   0.04864    0.2241    0.3223        39       416    0.4155    0.7079    0.6251    0.2435   0.05194   0.02256     0.711
   493/499     1.46G   0.04912   0.04859    0.2211    0.3188        41       416    0.4129    0.7075    0.6213    0.2449   0.05189   0.02255    0.7106
   494/499     1.46G   0.04954   0.04869      0.23    0.3282        32       416    0.4123    0.7076    0.6221    0.2448   0.05184   0.02253    0.7106
   495/499     1.46G   0.04918   0.04887    0.2265    0.3245        36       416     0.416    0.7108     0.627     0.246   0.05179   0.02252    0.7107
   496/499     1.46G   0.04917    0.0487    0.2341     0.332        40       416    0.4149    0.7116    0.6279    0.2472   0.05176   0.02252    0.7101
   497/499     1.46G   0.04957   0.04889    0.2274    0.3259        44       416    0.4167     0.713     0.629    0.2475   0.05171   0.02251    0.7108
   498/499     1.46G   0.04954   0.04865    0.2279    0.3261        46       416     0.419    0.7153    0.6298     0.248   0.05166    0.0225    0.7106
   499/499     1.46G   0.04931   0.04854    0.2184    0.3162        40       416    0.4174    0.7154    0.6269    0.2482   0.05162    0.0225    0.7119
