     0/299    0.814G   0.08676   0.05484         0    0.1416        33       416   0.04007    0.0132  0.005566  0.001004   0.09161   0.02471         0
     1/299     1.46G   0.07929   0.05569         0     0.135        19       416         0         0  0.002275 0.0003535   0.08334   0.02451         0
     2/299     1.46G   0.07004   0.05748         0    0.1275        31       416   0.03695  0.009901   0.04113  0.006319   0.07871   0.02608         0
     3/299     1.46G   0.06249   0.05677         0    0.1193        25       416    0.2905     0.297    0.1743   0.05769   0.07201   0.02646         0
     4/299     1.46G   0.05898   0.05445         0    0.1134        37       416    0.2645    0.4571    0.2162   0.07779   0.07181   0.02535         0
     5/299     1.46G   0.05593   0.05203         0     0.108        25       416    0.4981    0.4142    0.3615    0.1966   0.06646   0.02372         0
     6/299     1.46G    0.0552   0.05212         0    0.1073        32       416    0.3702    0.4389    0.3151    0.1453   0.06528   0.02483         0
     7/299     1.46G   0.05325   0.05131         0    0.1046        36       416    0.5066    0.3879    0.3835    0.2232   0.06527    0.0243         0
     8/299     1.46G   0.05268   0.05026         0    0.1029        27       416    0.3849    0.4851    0.4516    0.2735    0.0611   0.02323         0
     9/299     1.46G   0.05117   0.04955         0    0.1007        32       416    0.4005    0.4752    0.3984    0.1997   0.05814   0.02456         0
    10/299     1.46G   0.04957   0.04839         0   0.09796        26       416     0.506    0.5281     0.529     0.305   0.05828   0.02186         0
    11/299     1.46G   0.04908   0.04874         0   0.09782        29       416    0.4649    0.5875    0.5647    0.3364   0.05588   0.02178         0
    12/299     1.46G   0.04917    0.0482         0   0.09737        33       416    0.4794    0.6063    0.5926    0.3495   0.05516   0.02105         0
    13/299     1.46G   0.04887   0.04655         0   0.09542        32       416    0.4854    0.6188    0.6005    0.3616   0.05177   0.02195         0
    14/299     1.46G   0.04733    0.0463         0   0.09363        28       416    0.3873    0.6304    0.5911    0.3646   0.05648   0.02155         0
    15/299     1.46G   0.04707   0.04674         0   0.09381        36       416    0.5715    0.6238    0.6432     0.387   0.05048   0.02174         0
    16/299     1.46G   0.04681   0.04607         0   0.09288        28       416    0.4914    0.6716     0.647    0.3918   0.05177   0.02113         0
    17/299     1.46G   0.04701   0.04587         0   0.09288        28       416    0.4976    0.6419    0.6373    0.3959   0.05354   0.02023         0
    18/299     1.46G   0.04634   0.04577         0    0.0921        35       416    0.4397    0.7079    0.6745    0.4002   0.05106   0.02059         0
    19/299     1.46G   0.04507   0.04505         0   0.09012        33       416    0.5164     0.665    0.6673     0.411   0.04798   0.02097         0
    20/299     1.46G   0.04543   0.04519         0   0.09062        31       416    0.6196    0.6568    0.6774    0.4007   0.04885   0.02156         0
    21/299     1.46G    0.0452   0.04424         0   0.08945        23       416    0.4506    0.7063    0.6742    0.4104   0.04958   0.02066         0
    22/299     1.46G   0.04475   0.04397         0   0.08872        29       416    0.5498    0.7063     0.707    0.4482   0.04604   0.02031         0
    23/299     1.46G   0.04402   0.04377         0   0.08779        33       416    0.5824    0.7178    0.7194    0.4329   0.04721   0.02015         0
    24/299     1.46G   0.04373   0.04372         0   0.08745        27       416    0.5446    0.7211    0.7098    0.4385   0.04753   0.01974         0
    25/299     1.46G   0.04347   0.04431         0   0.08777        30       416    0.5298     0.731    0.7147    0.4274   0.04759   0.02027         0
    26/299     1.46G   0.04361    0.0436         0   0.08721        25       416    0.4794    0.7607    0.7352    0.4624   0.04452   0.01999         0
    27/299     1.46G   0.04336   0.04384         0   0.08719        28       416    0.5604     0.769    0.7497    0.4507   0.04513   0.01954         0
    28/299     1.46G    0.0433   0.04342         0   0.08671        24       416    0.5446    0.7393    0.7295    0.4374   0.04693   0.01888         0
    29/299     1.46G   0.04267    0.0427         0   0.08537        28       416     0.516    0.7772     0.758    0.4462   0.04611   0.01938         0
    30/299     1.46G   0.04266   0.04258         0   0.08524        32       416    0.5506    0.7525    0.7492     0.465   0.04435   0.01961         0
    31/299     1.46G   0.04263   0.04284         0   0.08547        27       416     0.454    0.7921    0.7495    0.4355   0.04622   0.01986         0
    32/299     1.46G   0.04223   0.04224         0   0.08447        26       416    0.4661    0.7558    0.7401    0.4504   0.04623   0.01894         0
    33/299     1.46G   0.04202   0.04284         0   0.08486        29       416    0.5416    0.7871    0.7792     0.474   0.04298   0.01968         0
    34/299     1.46G   0.04164   0.04252         0   0.08417        26       416    0.5511    0.7855    0.7765    0.4673   0.04428   0.01843         0
    35/299     1.46G   0.04118   0.04215         0   0.08333        32       416     0.542    0.7838    0.7782    0.4848   0.04426    0.0183         0
    36/299     1.46G   0.04111   0.04223         0   0.08334        35       416    0.4966    0.7937    0.7753    0.4959   0.04261   0.01882         0
    37/299     1.46G   0.04063    0.0422         0   0.08283        23       416    0.5656    0.7706    0.7667    0.4798   0.04379   0.01978         0
    38/299     1.46G   0.04139   0.04223         0   0.08361        36       416      0.58    0.7871    0.7819    0.4774   0.04234   0.01865         0
    39/299     1.46G   0.04018   0.04163         0   0.08182        36       416    0.6204    0.7789    0.7808    0.4791   0.04387   0.01901         0
    40/299     1.46G   0.04072   0.04151         0   0.08223        30       416     0.614    0.7855    0.7853    0.4724   0.04272   0.01878         0
    41/299     1.46G   0.03995   0.04172         0   0.08168        29       416    0.5495    0.7969    0.7809    0.4843    0.0444   0.01834         0
    42/299     1.46G   0.04014   0.04054         0   0.08068        25       416    0.5739    0.8053    0.7875     0.484   0.04244   0.01905         0
    43/299     1.46G   0.04071   0.04183         0   0.08253        27       416    0.5579    0.8218     0.806    0.4943   0.04201     0.019         0
    44/299     1.46G   0.04009   0.04077         0   0.08086        34       416    0.5509    0.8201    0.8026    0.4983   0.04256   0.01831         0
    45/299     1.46G   0.04019   0.04085         0   0.08104        50       416    0.5779    0.8053     0.792    0.5051   0.04253   0.01792         0
    46/299     1.46G   0.03937   0.04049         0   0.07986        36       416    0.6321    0.7921    0.8051    0.4901    0.0417   0.01886         0
    47/299     1.46G    0.0394   0.04065         0   0.08005        31       416    0.5749     0.802    0.7997    0.5026   0.04168   0.01789         0
    48/299     1.46G   0.03994   0.04148         0   0.08142        32       416    0.6019    0.8152    0.8029    0.4956   0.04181   0.01871         0
    49/299     1.46G    0.0396   0.03997         0   0.07958        32       416    0.6019     0.835    0.8264    0.5054   0.04208   0.01755         0
    50/299     1.46G   0.03901   0.03981         0   0.07882        27       416    0.5738    0.8069     0.808     0.517   0.04085   0.01764         0
    51/299     1.46G   0.03905    0.0407         0   0.07975        27       416    0.6002    0.8234    0.8179    0.5148   0.04126   0.01725         0
    52/299     1.46G   0.03901    0.0399         0   0.07892        28       416    0.5923    0.8168    0.8119    0.5137   0.04025   0.01767         0
    53/299     1.46G   0.03885   0.04002         0   0.07887        21       416    0.6194    0.8284    0.8279    0.5169   0.04042   0.01743         0
    54/299     1.46G   0.03843   0.04006         0   0.07849        24       416    0.6178    0.8234    0.8235    0.5225   0.04068   0.01741         0
    55/299     1.46G   0.03764   0.03985         0   0.07749        27       416    0.6285    0.8449    0.8251    0.5151   0.03979   0.01754         0
    56/299     1.46G   0.03817    0.0395         0   0.07767        28       416    0.5769    0.8234    0.8106    0.5185   0.04106   0.01777         0
    57/299     1.46G   0.03764   0.03941         0   0.07705        25       416     0.532    0.8383    0.8122    0.5238   0.04037   0.01745         0
    58/299     1.46G   0.03836    0.0398         0   0.07816        34       416    0.6165    0.8267     0.831    0.5418   0.03961   0.01734         0
    59/299     1.46G   0.03798   0.03983         0   0.07781        29       416      0.58    0.8432    0.8331    0.5277   0.03979   0.01776         0
    60/299     1.46G    0.0383   0.03964         0   0.07794        33       416    0.6054    0.8366    0.8279    0.5313   0.03956   0.01749         0
    61/299     1.46G    0.0378   0.03855         0   0.07635        35       416     0.623    0.8465    0.8356    0.5239   0.03973   0.01837         0
    62/299     1.46G   0.03755   0.03911         0   0.07666        29       416    0.6633    0.8416    0.8438    0.5386   0.03906   0.01713         0
    63/299     1.46G   0.03705   0.03943         0   0.07647        28       416    0.6386    0.8366    0.8389    0.5361   0.03946   0.01723         0
    64/299     1.46G   0.03747   0.03937         0   0.07683        36       416    0.6436    0.8383    0.8372    0.5269   0.03946   0.01728         0
    65/299     1.46G   0.03673   0.03827         0     0.075        28       416    0.6537    0.8597    0.8569     0.546   0.03879   0.01722         0
    66/299     1.46G   0.03738   0.03881         0   0.07619        31       416     0.635    0.8548    0.8438    0.5388   0.03976   0.01684         0
    67/299     1.46G     0.037   0.03856         0   0.07557        33       416    0.6563    0.8399    0.8379    0.5424   0.03904   0.01716         0
    68/299     1.46G   0.03681   0.03891         0   0.07572        32       416    0.6404      0.83    0.8294    0.5381   0.03901   0.01734         0
    69/299     1.46G   0.03665   0.03874         0   0.07539        26       416    0.6392    0.8465    0.8428    0.5283   0.03989   0.01697         0
    70/299     1.46G   0.03675   0.03859         0   0.07534        27       416    0.6277    0.8614    0.8469    0.5473   0.03885    0.0168         0
    71/299     1.46G   0.03654    0.0384         0   0.07494        29       416    0.6239    0.8597    0.8472    0.5383   0.03857   0.01684         0
    72/299     1.46G   0.03652   0.03804         0   0.07456        28       416    0.6351    0.8465    0.8403    0.5419    0.0389   0.01703         0
    73/299     1.46G   0.03652   0.03861         0   0.07513        31       416    0.6193     0.863    0.8466    0.5513   0.03848   0.01723         0
    74/299     1.46G   0.03589   0.03807         0   0.07396        28       416    0.6167    0.8614    0.8461    0.5524   0.03839   0.01692         0
    75/299     1.46G   0.03675   0.03824         0   0.07499        25       416    0.6898    0.8548    0.8598    0.5575   0.03824   0.01658         0
    76/299     1.46G   0.03619   0.03829         0   0.07448        41       416    0.6903    0.8614     0.856    0.5579   0.03817   0.01687         0
    77/299     1.46G   0.03601   0.03747         0   0.07348        26       416    0.6893    0.8696    0.8659     0.567   0.03833   0.01662         0
    78/299     1.46G   0.03614   0.03774         0   0.07387        31       416    0.6344     0.863    0.8527     0.554   0.03899   0.01687         0
    79/299     1.46G   0.03571   0.03709         0   0.07279        24       416    0.6574    0.8696    0.8586    0.5567   0.03862    0.0163         0
    80/299     1.46G   0.03572   0.03776         0   0.07347        24       416    0.6471    0.8663    0.8595    0.5593   0.03833   0.01645         0
    81/299     1.46G   0.03543   0.03745         0   0.07287        24       416    0.6639    0.8614    0.8514    0.5502   0.03857   0.01652         0
    82/299     1.46G   0.03548   0.03799         0   0.07347        30       416    0.6824    0.8548    0.8491    0.5534   0.03793   0.01649         0
    83/299     1.46G   0.03529    0.0367         0   0.07199        37       416    0.6779    0.8498    0.8502    0.5682   0.03831   0.01647         0
    84/299     1.46G   0.03556   0.03761         0   0.07317        26       416    0.6708    0.8614    0.8546    0.5704   0.03809   0.01635         0
    85/299     1.46G   0.03517   0.03751         0   0.07268        33       416    0.6564    0.8545    0.8444     0.554   0.03878   0.01653         0
    86/299     1.46G   0.03521   0.03775         0   0.07296        36       416     0.641    0.8597    0.8541    0.5561   0.03757   0.01641         0
    87/299     1.46G   0.03485   0.03711         0   0.07196        31       416    0.6534    0.8581    0.8504    0.5619   0.03754   0.01647         0
    88/299     1.46G   0.03531    0.0374         0   0.07271        27       416    0.6668    0.8581    0.8458    0.5585   0.03786   0.01672         0
    89/299     1.46G   0.03482   0.03746         0   0.07228        23       416    0.6804    0.8548    0.8566    0.5566   0.03772   0.01643         0
    90/299     1.46G   0.03459   0.03681         0    0.0714        33       416    0.6758     0.863    0.8559    0.5561   0.03801   0.01638         0
    91/299     1.46G   0.03472    0.0367         0   0.07141        27       416    0.6958    0.8647    0.8691    0.5694   0.03783   0.01612         0
    92/299     1.46G   0.03495   0.03695         0    0.0719        31       416    0.6736    0.8729    0.8633    0.5671   0.03762     0.016         0
    93/299     1.46G    0.0344    0.0366         0     0.071        24       416    0.6671    0.8696     0.856    0.5678   0.03754   0.01603         0
    94/299     1.46G   0.03413   0.03723         0   0.07136        28       416    0.6626     0.868    0.8617    0.5791   0.03692   0.01605         0
    95/299     1.46G   0.03431   0.03674         0   0.07104        29       416    0.6885    0.8663    0.8621    0.5744   0.03713   0.01597         0
    96/299     1.46G   0.03465   0.03657         0   0.07122        34       416    0.6873    0.8696    0.8632    0.5713   0.03755   0.01594         0
    97/299     1.46G   0.03391   0.03572         0   0.06963        29       416    0.6814    0.8614    0.8636    0.5764   0.03699   0.01599         0
    98/299     1.46G   0.03429   0.03609         0   0.07038        31       416    0.6739    0.8663    0.8664    0.5798   0.03648    0.0159         0
    99/299     1.46G   0.03346   0.03586         0   0.06931        28       416    0.7143     0.868    0.8735    0.5838   0.03661   0.01566         0
   100/299     1.46G   0.03425   0.03641         0   0.07066        29       416    0.6912    0.8779    0.8745     0.588   0.03663   0.01571         0
   101/299     1.46G   0.03392   0.03646         0   0.07038        34       416    0.6954    0.8713    0.8661    0.5798   0.03677   0.01592         0
   102/299     1.46G   0.03364    0.0362         0   0.06984        35       416    0.6826    0.8663     0.863    0.5769   0.03733    0.0161         0
   103/299     1.46G   0.03425   0.03622         0   0.07047        28       416    0.6817     0.866    0.8645      0.58   0.03729   0.01597         0
   104/299     1.46G   0.03318   0.03671         0   0.06988        28       416    0.6777    0.8597    0.8644    0.5895   0.03677   0.01576         0
   105/299     1.46G   0.03318   0.03586         0   0.06904        28       416    0.6798    0.8713    0.8673    0.5867   0.03634   0.01565         0
   106/299     1.46G   0.03363   0.03535         0   0.06898        29       416    0.7021     0.868    0.8675     0.586   0.03634   0.01573         0
   107/299     1.46G   0.03315   0.03567         0   0.06882        32       416    0.6908    0.8696      0.87    0.5886   0.03623    0.0157         0
   108/299     1.46G   0.03311   0.03577         0   0.06888        35       416    0.6967    0.8762    0.8788    0.5933   0.03595   0.01572         0
   109/299     1.46G   0.03363   0.03605         0   0.06968        29       416    0.6845     0.868    0.8693    0.5888   0.03604    0.0157         0
   110/299     1.46G   0.03313   0.03563         0   0.06875        33       416    0.6765     0.868    0.8685    0.5891   0.03629   0.01566         0
   111/299     1.46G   0.03323   0.03537         0    0.0686        27       416    0.6773    0.8779    0.8712    0.5968   0.03597   0.01552         0
   112/299     1.46G   0.03319   0.03522         0   0.06841        25       416    0.6918    0.8762     0.872    0.5907   0.03659   0.01556         0
   113/299     1.46G   0.03324   0.03553         0   0.06877        28       416     0.696    0.8861    0.8725    0.5925   0.03655   0.01537         0
   114/299     1.46G   0.03266   0.03585         0   0.06851        20       416    0.6725    0.8779    0.8708    0.5869   0.03705   0.01533         0
   115/299     1.46G   0.03311   0.03512         0   0.06823        27       416    0.6825    0.8746    0.8684    0.5879   0.03675   0.01536         0
   116/299     1.46G   0.03281   0.03495         0   0.06776        30       416    0.6857    0.8779    0.8759    0.5943   0.03611   0.01536         0
   117/299     1.46G   0.03226   0.03539         0   0.06765        29       416    0.6934    0.8729    0.8708     0.596   0.03614   0.01537         0
   118/299     1.46G   0.03249   0.03531         0   0.06781        29       416    0.6874    0.8696    0.8681    0.5961   0.03638   0.01531         0
   119/299     1.46G   0.03254   0.03538         0   0.06792        29       416    0.6848    0.8762    0.8672    0.5979   0.03632   0.01536         0
   120/299     1.46G   0.03242   0.03524         0   0.06766        31       416    0.6902    0.8746    0.8662    0.5998   0.03599   0.01526         0
   121/299     1.46G   0.03226   0.03517         0   0.06743        24       416    0.7075    0.8779    0.8683    0.5931   0.03622   0.01521         0
   122/299     1.46G   0.03231   0.03493         0   0.06724        29       416    0.7151    0.8741    0.8706    0.5942   0.03617   0.01524         0
   123/299     1.46G   0.03201   0.03536         0   0.06737        42       416    0.7208    0.8762     0.869    0.5935   0.03585   0.01527         0
   124/299     1.46G   0.03234   0.03487         0   0.06722        25       416    0.7137    0.8764    0.8708    0.5977   0.03581   0.01522         0
   125/299     1.46G    0.0319   0.03481         0   0.06671        25       416    0.7132    0.8713    0.8716    0.6005   0.03596   0.01532         0
   126/299     1.46G   0.03119   0.03416         0   0.06535        27       416    0.7035    0.8729    0.8737    0.6029   0.03594    0.0155         0
   127/299     1.46G   0.03201   0.03467         0   0.06669        36       416    0.7045    0.8762    0.8745    0.6002   0.03585   0.01545         0
   128/299     1.46G   0.03152   0.03392         0   0.06544        39       416    0.7089    0.8762    0.8738    0.5957   0.03576   0.01552         0
   129/299     1.46G   0.03128   0.03437         0   0.06565        38       416    0.7111    0.8713    0.8755    0.5902   0.03613    0.0155         0
   130/299     1.46G   0.03194   0.03429         0   0.06623        22       416    0.7019    0.8729     0.879    0.5921   0.03624   0.01542         0
   131/299     1.46G   0.03232   0.03471         0   0.06704        33       416    0.7043    0.8696    0.8761    0.5934   0.03627    0.0155         0
   132/299     1.46G   0.03143    0.0342         0   0.06564        26       416    0.7132    0.8701    0.8746    0.5983   0.03624   0.01546         0
   133/299     1.46G   0.03144   0.03435         0   0.06579        29       416    0.7035    0.8663    0.8755    0.5978   0.03627   0.01542         0
   134/299     1.46G   0.03179   0.03388         0   0.06567        35       416    0.7183    0.8762    0.8815    0.5976   0.03617   0.01543         0
   135/299     1.46G   0.03138   0.03436         0   0.06574        31       416    0.7303    0.8779    0.8815     0.597   0.03608   0.01532         0
   136/299     1.46G    0.0309   0.03407         0   0.06497        32       416    0.7169    0.8779    0.8821    0.5969   0.03598   0.01523         0
   137/299     1.46G    0.0312   0.03411         0   0.06531        25       416    0.7158    0.8762    0.8778    0.5984     0.036    0.0152         0
   138/299     1.46G    0.0311   0.03374         0   0.06484        28       416    0.7175    0.8729    0.8781     0.601   0.03578   0.01516         0
   139/299     1.46G   0.03103   0.03398         0   0.06501        34       416    0.7124    0.8713    0.8751     0.599   0.03579   0.01522         0
   140/299     1.46G   0.03076   0.03375         0   0.06451        30       416    0.7196     0.868    0.8758       0.6   0.03587   0.01524         0
   141/299     1.46G   0.03106   0.03356         0   0.06462        28       416    0.7131    0.8696    0.8763    0.6009   0.03585   0.01526         0
   142/299     1.46G   0.03101   0.03393         0   0.06493        36       416    0.7233    0.8713    0.8774    0.5993   0.03603    0.0153         0
   143/299     1.46G   0.03098   0.03347         0   0.06446        35       416    0.7215    0.8696     0.874    0.6027   0.03601   0.01525         0
   144/299     1.46G   0.03082   0.03413         0   0.06495        37       416    0.7241     0.868    0.8738    0.6026   0.03599   0.01522         0
   145/299     1.46G   0.03073   0.03367         0   0.06441        28       416    0.7328    0.8729    0.8747    0.6044   0.03598   0.01518         0
   146/299     1.46G   0.03023   0.03294         0   0.06317        22       416    0.7393    0.8696    0.8748    0.6031   0.03603   0.01516         0
   147/299     1.46G    0.0304   0.03349         0    0.0639        33       416    0.7311    0.8746    0.8772    0.6069   0.03588   0.01518         0
   148/299     1.46G   0.03025   0.03271         0   0.06296        33       416    0.7343    0.8696     0.876    0.6087   0.03583   0.01521         0
   149/299     1.46G   0.03049   0.03312         0   0.06361        27       416    0.7263    0.8696    0.8773    0.6108   0.03571   0.01515         0
   150/299     1.46G   0.03027   0.03356         0   0.06384        31       416    0.7303    0.8696    0.8804    0.6124   0.03569   0.01512         0
   151/299     1.46G    0.0301   0.03319         0   0.06329        38       416    0.7322     0.868    0.8804    0.6133   0.03563   0.01505         0
   152/299     1.46G   0.02987    0.0325         0   0.06237        27       416    0.7248    0.8696    0.8791    0.6124   0.03564   0.01506         0
   153/299     1.46G   0.02987   0.03289         0   0.06277        30       416    0.7302     0.868    0.8772     0.613   0.03561   0.01509         0
   154/299     1.46G   0.03023   0.03359         0   0.06382        35       416      0.73    0.8696     0.877    0.6118   0.03562    0.0151         0
   155/299     1.46G    0.0298   0.03243         0   0.06223        33       416    0.7324    0.8713    0.8803    0.6115   0.03561   0.01512         0
   156/299     1.46G   0.02975   0.03298         0   0.06273        24       416    0.7353    0.8713    0.8789    0.6118   0.03559   0.01512         0
   157/299     1.46G   0.02992   0.03297         0   0.06289        26       416    0.7382    0.8746    0.8806    0.6091   0.03558   0.01512         0
   158/299     1.46G   0.02983   0.03311         0   0.06295        25       416    0.7373    0.8753    0.8807     0.612   0.03559   0.01513         0
   159/299     1.46G   0.02954   0.03244         0   0.06198        24       416    0.7343    0.8779    0.8844    0.6122   0.03567   0.01513         0
   160/299     1.46G   0.02957   0.03269         0   0.06226        27       416    0.7377    0.8762    0.8854    0.6151   0.03569   0.01511         0
   161/299     1.46G   0.02971    0.0325         0    0.0622        30       416    0.7375    0.8795    0.8858    0.6121   0.03572   0.01513         0
   162/299     1.46G   0.02974   0.03233         0   0.06207        30       416    0.7334    0.8762    0.8841    0.6128   0.03564   0.01512         0
   163/299     1.46G   0.02945   0.03349         0   0.06293        34       416    0.7337    0.8762    0.8825    0.6128    0.0356   0.01511         0
   164/299     1.46G   0.02929   0.03273         0   0.06202        34       416    0.7282    0.8696    0.8809    0.6128   0.03558   0.01508         0
   165/299     1.46G   0.02942   0.03254         0   0.06196        30       416    0.7354    0.8729    0.8833    0.6126   0.03559   0.01507         0
   166/299     1.46G   0.03003   0.03299         0   0.06302        31       416    0.7354    0.8696    0.8829    0.6132   0.03552   0.01507         0
   167/299     1.46G   0.02918   0.03251         0   0.06169        34       416     0.731    0.8696    0.8823    0.6135   0.03548   0.01506         0
   168/299     1.46G   0.02939   0.03202         0   0.06141        32       416    0.7271    0.8729    0.8858     0.616   0.03537   0.01502         0
   169/299     1.46G   0.02883    0.0322         0   0.06103        38       416    0.7279    0.8713    0.8839    0.6176   0.03536   0.01502         0
   170/299     1.46G     0.029   0.03282         0   0.06182        33       416    0.7261    0.8749    0.8863    0.6184   0.03536   0.01502         0
   171/299     1.46G   0.02863    0.0317         0   0.06034        25       416     0.725    0.8729    0.8867    0.6169    0.0354     0.015         0
   172/299     1.46G   0.02844   0.03181         0   0.06025        35       416     0.733    0.8729    0.8867    0.6171   0.03537     0.015         0
   173/299     1.46G   0.02838   0.03181         0   0.06019        29       416    0.7264    0.8696    0.8829    0.6174   0.03534   0.01501         0
   174/299     1.46G   0.02905   0.03182         0   0.06087        41       416    0.7314    0.8729     0.884    0.6181   0.03528   0.01501         0
   175/299     1.46G   0.02847   0.03262         0   0.06108        26       416     0.732    0.8746    0.8842    0.6194   0.03524     0.015         0
   176/299     1.46G   0.02855     0.032         0   0.06055        26       416    0.7365    0.8746    0.8846    0.6206   0.03517   0.01498         0
   177/299     1.46G   0.02846   0.03167         0   0.06014        36       416     0.733    0.8713    0.8845    0.6209   0.03517   0.01497         0
   178/299     1.46G   0.02823   0.03192         0   0.06015        34       416    0.7369    0.8762    0.8851    0.6206   0.03516   0.01496         0
   179/299     1.46G   0.02819   0.03137         0   0.05956        31       416     0.737    0.8746     0.885    0.6199   0.03517   0.01496         0
   180/299     1.46G    0.0281   0.03186         0   0.05995        33       416    0.7369    0.8746    0.8863    0.6183   0.03519   0.01497         0
   181/299     1.46G   0.02817   0.03188         0   0.06004        26       416    0.7404    0.8746    0.8857    0.6182   0.03523   0.01498         0
   182/299     1.46G   0.02821   0.03178         0   0.05999        32       416    0.7387    0.8746    0.8856    0.6177   0.03524     0.015         0
   183/299     1.46G   0.02803   0.03156         0   0.05958        30       416    0.7387    0.8762    0.8857    0.6168   0.03526   0.01501         0
   184/299     1.46G   0.02813   0.03138         0   0.05951        30       416     0.736    0.8729    0.8849    0.6173   0.03531   0.01501         0
   185/299     1.46G   0.02818   0.03139         0   0.05957        31       416    0.7364    0.8759    0.8853    0.6185   0.03533     0.015         0
   186/299     1.46G   0.02775   0.03088         0   0.05863        38       416    0.7405    0.8762    0.8866    0.6191   0.03533   0.01498         0
   187/299     1.46G   0.02779   0.03144         0   0.05923        27       416    0.7456    0.8779    0.8868    0.6186   0.03534   0.01497         0
   188/299     1.46G    0.0278   0.03112         0   0.05892        34       416     0.745    0.8762     0.888    0.6179   0.03532   0.01495         0
   189/299     1.46G   0.02779   0.03119         0   0.05898        29       416    0.7479    0.8762    0.8869    0.6185    0.0353   0.01494         0
   190/299     1.46G   0.02805   0.03088         0   0.05893        24       416    0.7452    0.8746    0.8866    0.6186   0.03526   0.01494         0
   191/299     1.46G   0.02789   0.03149         0   0.05939        32       416    0.7489    0.8762     0.888    0.6188   0.03523   0.01494         0
   192/299     1.46G   0.02721   0.03123         0   0.05844        23       416    0.7475    0.8762    0.8878    0.6182   0.03522   0.01494         0
   193/299     1.46G   0.02766   0.03121         0   0.05887        26       416    0.7443    0.8729     0.885    0.6183   0.03521   0.01493         0
   194/299     1.46G   0.02759   0.03086         0   0.05844        36       416    0.7397    0.8729    0.8855    0.6183   0.03521   0.01493         0
   195/299     1.46G   0.02778   0.03117         0   0.05895        33       416    0.7399    0.8713    0.8853     0.619    0.0352   0.01493         0
   196/299     1.46G   0.02753   0.03097         0    0.0585        34       416    0.7414    0.8762     0.887    0.6192   0.03521   0.01493         0
   197/299     1.46G    0.0275   0.03124         0   0.05874        30       416    0.7431    0.8762    0.8862      0.62   0.03523   0.01492         0
   198/299     1.46G   0.02753   0.03113         0   0.05866        35       416    0.7444    0.8779    0.8881    0.6192   0.03522   0.01491         0
   199/299     1.46G    0.0273   0.03072         0   0.05802        30       416    0.7462    0.8795    0.8881     0.619   0.03525    0.0149         0
   200/299     1.46G   0.02634   0.03038         0   0.05672        29       416    0.7488    0.8806    0.8883    0.6196   0.03524   0.01491         0
   201/299     1.46G   0.02693   0.03049         0   0.05742        30       416    0.7479    0.8795    0.8883    0.6194   0.03524   0.01491         0
   202/299     1.46G   0.02723   0.03082         0   0.05805        31       416     0.746    0.8779    0.8882    0.6202   0.03525   0.01492         0
   203/299     1.46G    0.0268   0.03037         0   0.05717        41       416    0.7491    0.8779    0.8882    0.6196   0.03527   0.01492         0
   204/299     1.46G   0.02673   0.03061         0   0.05733        33       416    0.7498    0.8779    0.8884    0.6192   0.03528   0.01493         0
   205/299     1.46G   0.02661   0.03012         0   0.05673        23       416    0.7517    0.8795    0.8884    0.6202   0.03527   0.01492         0
   206/299     1.46G   0.02699   0.02988         0   0.05687        23       416     0.752    0.8812    0.8877    0.6215   0.03527   0.01493         0
   207/299     1.46G    0.0265   0.03008         0   0.05658        26       416    0.7504    0.8812    0.8878    0.6221   0.03528   0.01493         0
   208/299     1.46G   0.02695   0.02983         0   0.05678        32       416    0.7503    0.8795    0.8883    0.6222   0.03528   0.01493         0
   209/299     1.46G   0.02641   0.03046         0   0.05687        39       416    0.7509    0.8812    0.8882    0.6223   0.03531   0.01493         0
   210/299     1.46G   0.02666   0.03021         0   0.05687        32       416    0.7527    0.8795    0.8886     0.622   0.03531   0.01494         0
   211/299     1.46G   0.02653   0.03031         0   0.05683        32       416     0.751    0.8795    0.8887    0.6207   0.03531   0.01494         0
   212/299     1.46G   0.02626   0.02988         0   0.05614        30       416    0.7476    0.8779    0.8868    0.6212   0.03533   0.01494         0
   213/299     1.46G   0.02621   0.02984         0   0.05604        34       416    0.7464    0.8779    0.8868    0.6217   0.03534   0.01494         0
   214/299     1.46G   0.02594   0.02933         0   0.05527        33       416    0.7475    0.8779    0.8871    0.6211   0.03534   0.01494         0
   215/299     1.46G   0.02599   0.03006         0   0.05605        31       416    0.7472    0.8779    0.8871    0.6207   0.03534   0.01494         0
   216/299     1.46G   0.02624   0.03009         0   0.05632        35       416    0.7461    0.8779    0.8868    0.6208   0.03534   0.01494         0
   217/299     1.46G    0.0263   0.02961         0   0.05592        30       416    0.7469    0.8764    0.8871    0.6217   0.03534   0.01494         0
   218/299     1.46G    0.0262   0.02939         0   0.05559        29       416    0.7474    0.8795    0.8886    0.6219   0.03535   0.01495         0
   219/299     1.46G   0.02609   0.02952         0   0.05561        26       416     0.749    0.8795    0.8888    0.6218   0.03535   0.01495         0
   220/299     1.46G   0.02576   0.02963         0   0.05539        36       416    0.7481    0.8795    0.8893    0.6225   0.03536   0.01495         0
   221/299     1.46G   0.02584    0.0297         0   0.05554        25       416    0.7503    0.8795    0.8896    0.6221   0.03536   0.01495         0
   222/299     1.46G   0.02592   0.02942         0   0.05534        31       416    0.7509    0.8779    0.8882    0.6222   0.03537   0.01495         0
   223/299     1.46G   0.02621   0.02933         0   0.05554        33       416    0.7515    0.8779    0.8885    0.6226   0.03538   0.01495         0
   224/299     1.46G   0.02599   0.02938         0   0.05536        25       416    0.7505    0.8795    0.8885    0.6235   0.03538   0.01495         0
   225/299     1.46G   0.02554   0.02952         0   0.05506        35       416    0.7515    0.8782    0.8884     0.623   0.03538   0.01495         0
   226/299     1.46G   0.02592   0.02913         0   0.05505        29       416    0.7517    0.8779    0.8893    0.6234   0.03538   0.01495         0
   227/299     1.46G   0.02553   0.02961         0   0.05514        26       416    0.7506    0.8762     0.888    0.6226   0.03537   0.01495         0
   228/299     1.46G   0.02565   0.02932         0   0.05497        24       416    0.7521    0.8779    0.8897     0.622   0.03537   0.01495         0
   229/299     1.46G   0.02521    0.0297         0   0.05491        24       416    0.7488    0.8762    0.8881    0.6223   0.03537   0.01495         0
   230/299     1.46G   0.02555   0.02945         0     0.055        33       416    0.7465    0.8762    0.8883    0.6222   0.03536   0.01496         0
   231/299     1.46G    0.0254   0.02915         0   0.05455        27       416    0.7478    0.8795    0.8897    0.6221   0.03535   0.01496         0
   232/299     1.46G   0.02558   0.02923         0   0.05481        28       416    0.7452    0.8795    0.8897     0.622   0.03535   0.01496         0
   233/299     1.46G   0.02555   0.02898         0   0.05454        29       416    0.7466    0.8795      0.89    0.6222   0.03534   0.01496         0
   234/299     1.46G   0.02507   0.02936         0   0.05443        34       416    0.7469    0.8795    0.8901    0.6227   0.03534   0.01496         0
   235/299     1.46G   0.02539   0.02922         0   0.05461        30       416      0.75    0.8811    0.8916    0.6225   0.03535   0.01496         0
   236/299     1.46G   0.02564   0.02914         0   0.05478        22       416     0.751    0.8828    0.8912    0.6224   0.03535   0.01496         0
   237/299     1.46G   0.02531   0.02911         0   0.05441        29       416      0.75    0.8828    0.8917    0.6223   0.03536   0.01496         0
   238/299     1.46G   0.02517     0.029         0   0.05417        28       416    0.7506    0.8812    0.8918    0.6223   0.03537   0.01496         0
   239/299     1.46G   0.02521   0.02872         0   0.05393        25       416    0.7538    0.8812    0.8919    0.6226   0.03537   0.01496         0
   240/299     1.46G    0.0248   0.02859         0   0.05339        36       416    0.7523    0.8795    0.8918    0.6223   0.03538   0.01496         0
   241/299     1.46G     0.025   0.02847         0   0.05347        31       416    0.7546    0.8812    0.8919     0.622   0.03538   0.01496         0
   242/299     1.46G   0.02534   0.02901         0   0.05435        36       416    0.7546    0.8812    0.8922    0.6223   0.03539   0.01496         0
   243/299     1.46G   0.02508   0.02804         0   0.05312        27       416    0.7564    0.8815    0.8918    0.6225   0.03539   0.01497         0
   244/299     1.46G    0.0247   0.02792         0   0.05261        27       416     0.759    0.8812    0.8919    0.6232   0.03538   0.01497         0
   245/299     1.46G   0.02494   0.02867         0   0.05362        28       416    0.7575    0.8812    0.8922    0.6232   0.03539   0.01497         0
   246/299     1.46G   0.02467   0.02843         0    0.0531        31       416    0.7567    0.8826    0.8921     0.623    0.0354   0.01497         0
   247/299     1.46G   0.02454   0.02887         0   0.05341        27       416    0.7576    0.8828    0.8922    0.6228    0.0354   0.01498         0
   248/299     1.46G   0.02461   0.02847         0   0.05308        34       416    0.7606     0.881    0.8916    0.6237    0.0354   0.01497         0
   249/299     1.46G   0.02473   0.02872         0   0.05345        25       416    0.7567    0.8795    0.8909    0.6245    0.0354   0.01498         0
   250/299     1.46G    0.0248   0.02855         0   0.05335        36       416     0.759    0.8795    0.8913    0.6254   0.03541   0.01497         0
   251/299     1.46G   0.02445   0.02827         0   0.05272        33       416    0.7584    0.8812    0.8908    0.6252   0.03541   0.01497         0
   252/299     1.46G   0.02416   0.02835         0   0.05252        33       416    0.7589    0.8828     0.892    0.6253    0.0354   0.01497         0
   253/299     1.46G    0.0251   0.02809         0   0.05319        33       416    0.7592    0.8828     0.892    0.6256   0.03541   0.01497         0
   254/299     1.46G   0.02475   0.02881         0   0.05355        27       416    0.7587    0.8812    0.8919    0.6252    0.0354   0.01497         0
   255/299     1.46G   0.02433   0.02828         0   0.05261        28       416    0.7585    0.8795    0.8908    0.6247   0.03541   0.01497         0
   256/299     1.46G   0.02437   0.02831         0   0.05269        31       416    0.7578    0.8795    0.8908    0.6247    0.0354   0.01497         0
   257/299     1.46G   0.02438   0.02832         0    0.0527        31       416    0.7587    0.8795    0.8907    0.6246    0.0354   0.01498         0
   258/299     1.46G   0.02451   0.02819         0    0.0527        26       416    0.7584    0.8795      0.89    0.6248    0.0354   0.01498         0
   259/299     1.46G   0.02445   0.02853         0   0.05298        29       416    0.7591    0.8795    0.8908    0.6269   0.03539   0.01498         0
   260/299     1.46G   0.02437   0.02796         0   0.05233        31       416    0.7577    0.8795    0.8907    0.6267   0.03538   0.01498         0
   261/299     1.46G   0.02434   0.02799         0   0.05233        28       416    0.7565    0.8795    0.8898    0.6267   0.03538   0.01498         0
   262/299     1.46G   0.02384   0.02782         0   0.05167        25       416    0.7566    0.8795    0.8898    0.6266   0.03538   0.01498         0
   263/299     1.46G   0.02359   0.02729         0   0.05088        29       416    0.7583    0.8795    0.8898    0.6259   0.03538   0.01499         0
   264/299     1.46G   0.02377    0.0278         0   0.05158        34       416    0.7576    0.8795    0.8899    0.6273   0.03538   0.01499         0
   265/299     1.46G   0.02417    0.0278         0   0.05198        32       416    0.7569    0.8795    0.8902    0.6278   0.03538   0.01499         0
   266/299     1.46G   0.02382   0.02798         0    0.0518        23       416    0.7543    0.8817    0.8927    0.6281   0.03537   0.01499         0
   267/299     1.46G   0.02388   0.02799         0   0.05187        24       416    0.7551    0.8828    0.8925    0.6274   0.03536   0.01499         0
   268/299     1.46G   0.02357   0.02728         0   0.05085        28       416     0.757    0.8828    0.8922    0.6273   0.03537   0.01499         0
   269/299     1.46G   0.02401   0.02759         0   0.05161        33       416    0.7542    0.8811    0.8902    0.6275   0.03537   0.01499         0
   270/299     1.46G   0.02401   0.02772         0   0.05173        35       416    0.7535    0.8795    0.8902    0.6275   0.03537   0.01499         0
   271/299     1.46G   0.02345   0.02751         0   0.05096        25       416    0.7567    0.8812    0.8902    0.6272   0.03536   0.01499         0
   272/299     1.46G   0.02422   0.02741         0   0.05163        31       416    0.7585    0.8812    0.8903    0.6276   0.03537   0.01499         0
   273/299     1.46G   0.02384    0.0274         0   0.05124        36       416    0.7583    0.8795    0.8907    0.6284   0.03536   0.01499         0
   274/299     1.46G   0.02344   0.02775         0   0.05119        24       416    0.7573    0.8807    0.8907    0.6279   0.03536   0.01499         0
   275/299     1.46G   0.02346   0.02722         0   0.05068        29       416    0.7621    0.8828    0.8913    0.6277   0.03536   0.01499         0
   276/299     1.46G   0.02373   0.02831         0   0.05204        35       416     0.762    0.8823    0.8913    0.6278   0.03537   0.01499         0
   277/299     1.46G   0.02334    0.0272         0   0.05054        28       416    0.7594    0.8795    0.8901    0.6283   0.03536   0.01499         0
   278/299     1.46G   0.02336   0.02772         0   0.05108        31       416    0.7604    0.8797    0.8898    0.6283   0.03537   0.01499         0
   279/299     1.46G   0.02364   0.02704         0   0.05068        27       416    0.7615    0.8779    0.8897    0.6281   0.03537   0.01499         0
   280/299     1.46G   0.02391   0.02728         0   0.05119        33       416     0.763    0.8779    0.8895     0.628   0.03538     0.015         0
   281/299     1.46G   0.02327   0.02678         0   0.05005        23       416    0.7633    0.8795    0.8895    0.6277   0.03539     0.015         0
   282/299     1.46G   0.02322    0.0272         0   0.05042        30       416    0.7637    0.8795    0.8894    0.6274    0.0354     0.015         0
   283/299     1.46G   0.02328   0.02757         0   0.05085        30       416    0.7627    0.8795    0.8893    0.6274    0.0354     0.015         0
   284/299     1.46G   0.02337    0.0269         0   0.05027        28       416    0.7633    0.8795    0.8893    0.6273    0.0354     0.015         0
   285/299     1.46G   0.02361   0.02728         0   0.05089        27       416    0.7638    0.8795    0.8893    0.6275    0.0354   0.01501         0
   286/299     1.46G   0.02335    0.0272         0   0.05055        31       416     0.766    0.8795    0.8892    0.6276   0.03541   0.01501         0
   287/299     1.46G   0.02357   0.02747         0   0.05105        27       416    0.7661    0.8808    0.8897    0.6276   0.03542   0.01501         0
   288/299     1.46G   0.02353   0.02747         0     0.051        24       416    0.7671    0.8795    0.8897    0.6273   0.03542   0.01501         0
   289/299     1.46G   0.02336   0.02707         0   0.05043        26       416    0.7679    0.8795    0.8895    0.6272   0.03542   0.01501         0
   290/299     1.46G   0.02329   0.02732         0   0.05061        31       416    0.7681    0.8795    0.8894    0.6269   0.03542   0.01501         0
   291/299     1.46G   0.02324   0.02706         0    0.0503        23       416    0.7707    0.8795    0.8895     0.628   0.03543   0.01501         0
   292/299     1.46G   0.02332   0.02701         0   0.05033        31       416    0.7683    0.8795    0.8891    0.6268   0.03543   0.01502         0
   293/299     1.46G   0.02371   0.02741         0   0.05112        31       416    0.7677    0.8795    0.8892    0.6279   0.03543   0.01502         0
   294/299     1.46G   0.02316   0.02688         0   0.05004        31       416    0.7651    0.8795    0.8891    0.6274   0.03543   0.01502         0
   295/299     1.46G   0.02315   0.02725         0    0.0504        26       416    0.7663    0.8795    0.8892    0.6271   0.03543   0.01502         0
   296/299     1.46G    0.0233   0.02681         0   0.05011        31       416    0.7659    0.8795    0.8891    0.6273   0.03543   0.01502         0
   297/299     1.46G   0.02345   0.02726         0   0.05071        28       416    0.7685    0.8795    0.8892    0.6276   0.03543   0.01502         0
   298/299     1.46G   0.02353   0.02729         0   0.05082        26       416    0.7706    0.8795    0.8892     0.628   0.03543   0.01502         0
   299/299     1.46G   0.02309   0.02725         0   0.05035        30       416    0.7715    0.8795    0.8892    0.6278   0.03544   0.01502         0
